[8211, 7823] 86.000000
[8211, 6679] 130.000000
[8211, 4626] 148.000000
[8211, 7671] 114.000000
[8211, 1592] 376.000000
[8211, 1813] 338.000000
[8211, 10688] 442.000000
[8211, 8169] 446.000000
[8211, 10635] 546.000000
[8211, 10417] 534.000000
[8211, 8236] 416.000000
[8211, 6205] 390.000000
[8211, 6686] 362.000000
[8211, 3527] 350.000000
[8211, 8210] 458.000000
[8211, 16230] 492.000000
[8211, 8643] 446.000000
[8211, 10955] 736.000000
[8211, 11356] 726.000000
[8211, 12593] 698.000000
[8211, 13107] 698.000000
[8211, 16008] 654.000000
[8211, 12670] 666.000000
[8211, 11407] 702.000000
[8211, 11087] 714.000000
[8211, 15365] 640.000000
[8211, 13420] 646.000000
[8211, 14140] 524.000000
[8211, 17207] 500.000000
[8211, 15728] 682.000000
[8211, 18089] 576.000000
[8211, 17812] 540.000000
[8211, 20006] 650.000000
[8211, 18703] 540.000000
[8211, 18458] 594.000000
[8211, 19155] 652.000000
[8211, 19039] 518.000000
[8211, 20436] 576.000000
[8211, 27386] 824.000000
[8211, 21116] 628.000000
[8211, 24352] 726.000000
[8211, 23742] 708.000000
[8211, 20848] 588.000000
[8211, 23411] 746.000000
[8211, 23994] 696.000000
[8211, 27316] 892.000000
[8211, 27411] 870.000000
[8211, 27395] 838.000000
[8211, 25182] 804.000000
[8211, 25498] 860.000000
[8211, 27376] 820.000000
[8211, 24027] 748.000000
[8211, 26039] 804.000000
[8211, 23295] 718.000000
[8211, 24131] 678.000000
[8211, 20079] 544.000000
[8211, 21061] 642.000000
[8211, 20745] 574.000000
[8211, 20627] 584.000000
[8211, 21300] 616.000000
[8211, 18954] 500.000000
[8211, 19484] 510.000000
[8211, 20156] 580.000000
[8211, 28378] 920.000000
[8211, 28619] 896.000000
[8211, 30162] 1146.000000
[8211, 32062] 1160.000000
[8211, 30155] 1148.000000
[8211, 30329] 1038.000000
[8211, 32020] 1060.000000
[8211, 31998] 992.000000
[8211, 32202] 1156.000000
[8211, 32746] 1464.000000
[7823, 8211] 86.000000
[7823, 6679] 44.000000
[7823, 4626] 130.000000
[7823, 7671] 96.000000
[7823, 1592] 290.000000
[7823, 1813] 252.000000
[7823, 10688] 360.000000
[7823, 8169] 364.000000
[7823, 10635] 464.000000
[7823, 10417] 452.000000
[7823, 8236] 334.000000
[7823, 6205] 304.000000
[7823, 6686] 276.000000
[7823, 3527] 264.000000
[7823, 8210] 376.000000
[7823, 16230] 410.000000
[7823, 8643] 364.000000
[7823, 10955] 654.000000
[7823, 11356] 644.000000
[7823, 12593] 616.000000
[7823, 13107] 616.000000
[7823, 16008] 572.000000
[7823, 12670] 584.000000
[7823, 11407] 620.000000
[7823, 11087] 632.000000
[7823, 15365] 558.000000
[7823, 13420] 564.000000
[7823, 14140] 442.000000
[7823, 17207] 418.000000
[7823, 15728] 600.000000
[7823, 18089] 494.000000
[7823, 17812] 458.000000
[7823, 20006] 568.000000
[7823, 18703] 458.000000
[7823, 18458] 512.000000
[7823, 19155] 570.000000
[7823, 19039] 436.000000
[7823, 20436] 494.000000
[7823, 27386] 742.000000
[7823, 21116] 546.000000
[7823, 24352] 644.000000
[7823, 23742] 626.000000
[7823, 20848] 506.000000
[7823, 23411] 664.000000
[7823, 23994] 614.000000
[7823, 27316] 810.000000
[7823, 27411] 788.000000
[7823, 27395] 756.000000
[7823, 25182] 722.000000
[7823, 25498] 778.000000
[7823, 27376] 738.000000
[7823, 24027] 666.000000
[7823, 26039] 722.000000
[7823, 23295] 636.000000
[7823, 24131] 596.000000
[7823, 20079] 462.000000
[7823, 21061] 560.000000
[7823, 20745] 492.000000
[7823, 20627] 502.000000
[7823, 21300] 534.000000
[7823, 18954] 418.000000
[7823, 19484] 428.000000
[7823, 20156] 498.000000
[7823, 28378] 838.000000
[7823, 28619] 814.000000
[7823, 30162] 1064.000000
[7823, 32062] 1078.000000
[7823, 30155] 1066.000000
[7823, 30329] 956.000000
[7823, 32020] 978.000000
[7823, 31998] 910.000000
[7823, 32202] 1074.000000
[7823, 32746] 1382.000000
[6679, 8211] 130.000000
[6679, 7823] 44.000000
[6679, 4626] 142.000000
[6679, 7671] 108.000000
[6679, 1592] 290.000000
[6679, 1813] 252.000000
[6679, 10688] 404.000000
[6679, 8169] 374.000000
[6679, 10635] 508.000000
[6679, 10417] 496.000000
[6679, 8236] 378.000000
[6679, 6205] 304.000000
[6679, 6686] 276.000000
[6679, 3527] 264.000000
[6679, 8210] 390.000000
[6679, 16230] 454.000000
[6679, 8643] 402.000000
[6679, 10955] 698.000000
[6679, 11356] 688.000000
[6679, 12593] 660.000000
[6679, 13107] 660.000000
[6679, 16008] 616.000000
[6679, 12670] 628.000000
[6679, 11407] 664.000000
[6679, 11087] 676.000000
[6679, 15365] 602.000000
[6679, 13420] 608.000000
[6679, 14140] 486.000000
[6679, 17207] 462.000000
[6679, 15728] 644.000000
[6679, 18089] 538.000000
[6679, 17812] 502.000000
[6679, 20006] 612.000000
[6679, 18703] 502.000000
[6679, 18458] 556.000000
[6679, 19155] 614.000000
[6679, 19039] 480.000000
[6679, 20436] 538.000000
[6679, 27386] 786.000000
[6679, 21116] 590.000000
[6679, 24352] 688.000000
[6679, 23742] 670.000000
[6679, 20848] 550.000000
[6679, 23411] 708.000000
[6679, 23994] 658.000000
[6679, 27316] 854.000000
[6679, 27411] 832.000000
[6679, 27395] 800.000000
[6679, 25182] 766.000000
[6679, 25498] 822.000000
[6679, 27376] 782.000000
[6679, 24027] 710.000000
[6679, 26039] 766.000000
[6679, 23295] 680.000000
[6679, 24131] 640.000000
[6679, 20079] 506.000000
[6679, 21061] 604.000000
[6679, 20745] 536.000000
[6679, 20627] 546.000000
[6679, 21300] 578.000000
[6679, 18954] 462.000000
[6679, 19484] 472.000000
[6679, 20156] 542.000000
[6679, 28378] 882.000000
[6679, 28619] 858.000000
[6679, 30162] 1108.000000
[6679, 32062] 1122.000000
[6679, 30155] 1110.000000
[6679, 30329] 1000.000000
[6679, 32020] 1022.000000
[6679, 31998] 954.000000
[6679, 32202] 1118.000000
[6679, 32746] 1426.000000
[4626, 8211] 148.000000
[4626, 7823] 130.000000
[4626, 6679] 142.000000
[4626, 7671] 106.000000
[4626, 1592] 388.000000
[4626, 1813] 350.000000
[4626, 10688] 486.000000
[4626, 8169] 472.000000
[4626, 10635] 590.000000
[4626, 10417] 578.000000
[4626, 8236] 460.000000
[4626, 6205] 402.000000
[4626, 6686] 374.000000
[4626, 3527] 362.000000
[4626, 8210] 488.000000
[4626, 16230] 536.000000
[4626, 8643] 490.000000
[4626, 10955] 780.000000
[4626, 11356] 770.000000
[4626, 12593] 742.000000
[4626, 13107] 742.000000
[4626, 16008] 698.000000
[4626, 12670] 710.000000
[4626, 11407] 746.000000
[4626, 11087] 758.000000
[4626, 15365] 684.000000
[4626, 13420] 690.000000
[4626, 14140] 568.000000
[4626, 17207] 544.000000
[4626, 15728] 726.000000
[4626, 18089] 620.000000
[4626, 17812] 584.000000
[4626, 20006] 694.000000
[4626, 18703] 584.000000
[4626, 18458] 638.000000
[4626, 19155] 696.000000
[4626, 19039] 562.000000
[4626, 20436] 620.000000
[4626, 27386] 868.000000
[4626, 21116] 672.000000
[4626, 24352] 770.000000
[4626, 23742] 752.000000
[4626, 20848] 632.000000
[4626, 23411] 790.000000
[4626, 23994] 740.000000
[4626, 27316] 936.000000
[4626, 27411] 914.000000
[4626, 27395] 882.000000
[4626, 25182] 848.000000
[4626, 25498] 904.000000
[4626, 27376] 864.000000
[4626, 24027] 792.000000
[4626, 26039] 848.000000
[4626, 23295] 762.000000
[4626, 24131] 722.000000
[4626, 20079] 588.000000
[4626, 21061] 686.000000
[4626, 20745] 618.000000
[4626, 20627] 628.000000
[4626, 21300] 660.000000
[4626, 18954] 544.000000
[4626, 19484] 554.000000
[4626, 20156] 624.000000
[4626, 28378] 964.000000
[4626, 28619] 940.000000
[4626, 30162] 1190.000000
[4626, 32062] 1204.000000
[4626, 30155] 1192.000000
[4626, 30329] 1082.000000
[4626, 32020] 1104.000000
[4626, 31998] 1036.000000
[4626, 32202] 1200.000000
[4626, 32746] 1508.000000
[7671, 8211] 114.000000
[7671, 7823] 96.000000
[7671, 6679] 108.000000
[7671, 4626] 106.000000
[7671, 1592] 354.000000
[7671, 1813] 316.000000
[7671, 10688] 452.000000
[7671, 8169] 438.000000
[7671, 10635] 556.000000
[7671, 10417] 544.000000
[7671, 8236] 426.000000
[7671, 6205] 368.000000
[7671, 6686] 340.000000
[7671, 3527] 328.000000
[7671, 8210] 454.000000
[7671, 16230] 502.000000
[7671, 8643] 456.000000
[7671, 10955] 746.000000
[7671, 11356] 736.000000
[7671, 12593] 708.000000
[7671, 13107] 708.000000
[7671, 16008] 664.000000
[7671, 12670] 676.000000
[7671, 11407] 712.000000
[7671, 11087] 724.000000
[7671, 15365] 650.000000
[7671, 13420] 656.000000
[7671, 14140] 534.000000
[7671, 17207] 510.000000
[7671, 15728] 692.000000
[7671, 18089] 586.000000
[7671, 17812] 550.000000
[7671, 20006] 660.000000
[7671, 18703] 550.000000
[7671, 18458] 604.000000
[7671, 19155] 662.000000
[7671, 19039] 528.000000
[7671, 20436] 586.000000
[7671, 27386] 834.000000
[7671, 21116] 638.000000
[7671, 24352] 736.000000
[7671, 23742] 718.000000
[7671, 20848] 598.000000
[7671, 23411] 756.000000
[7671, 23994] 706.000000
[7671, 27316] 902.000000
[7671, 27411] 880.000000
[7671, 27395] 848.000000
[7671, 25182] 814.000000
[7671, 25498] 870.000000
[7671, 27376] 830.000000
[7671, 24027] 758.000000
[7671, 26039] 814.000000
[7671, 23295] 728.000000
[7671, 24131] 688.000000
[7671, 20079] 554.000000
[7671, 21061] 652.000000
[7671, 20745] 584.000000
[7671, 20627] 594.000000
[7671, 21300] 626.000000
[7671, 18954] 510.000000
[7671, 19484] 520.000000
[7671, 20156] 590.000000
[7671, 28378] 930.000000
[7671, 28619] 906.000000
[7671, 30162] 1156.000000
[7671, 32062] 1170.000000
[7671, 30155] 1158.000000
[7671, 30329] 1048.000000
[7671, 32020] 1070.000000
[7671, 31998] 1002.000000
[7671, 32202] 1166.000000
[7671, 32746] 1474.000000
[1592, 8211] 376.000000
[1592, 7823] 290.000000
[1592, 6679] 290.000000
[1592, 4626] 388.000000
[1592, 7671] 354.000000
[1592, 1813] 46.000000
[1592, 10688] 348.000000
[1592, 8169] 244.000000
[1592, 10635] 432.000000
[1592, 10417] 420.000000
[1592, 8236] 266.000000
[1592, 6205] 174.000000
[1592, 6686] 150.000000
[1592, 3527] 88.000000
[1592, 8210] 260.000000
[1592, 16230] 450.000000
[1592, 8643] 272.000000
[1592, 10955] 694.000000
[1592, 11356] 684.000000
[1592, 12593] 656.000000
[1592, 13107] 656.000000
[1592, 16008] 612.000000
[1592, 12670] 624.000000
[1592, 11407] 660.000000
[1592, 11087] 672.000000
[1592, 15365] 598.000000
[1592, 13420] 604.000000
[1592, 14140] 482.000000
[1592, 17207] 458.000000
[1592, 15728] 640.000000
[1592, 18089] 784.000000
[1592, 17812] 734.000000
[1592, 20006] 858.000000
[1592, 18703] 748.000000
[1592, 18458] 802.000000
[1592, 19155] 858.000000
[1592, 19039] 540.000000
[1592, 20436] 770.000000
[1592, 27386] 898.000000
[1592, 21116] 822.000000
[1592, 24352] 928.000000
[1592, 23742] 910.000000
[1592, 20848] 566.000000
[1592, 23411] 708.000000
[1592, 23994] 846.000000
[1592, 27316] 966.000000
[1592, 27411] 944.000000
[1592, 27395] 912.000000
[1592, 25182] 878.000000
[1592, 25498] 934.000000
[1592, 27376] 914.000000
[1592, 24027] 822.000000
[1592, 26039] 886.000000
[1592, 23295] 792.000000
[1592, 24131] 820.000000
[1592, 20079] 618.000000
[1592, 21061] 724.000000
[1592, 20745] 768.000000
[1592, 20627] 778.000000
[1592, 21300] 762.000000
[1592, 18954] 554.000000
[1592, 19484] 584.000000
[1592, 20156] 654.000000
[1592, 28378] 994.000000
[1592, 28619] 1102.000000
[1592, 30162] 1220.000000
[1592, 32062] 1234.000000
[1592, 30155] 1222.000000
[1592, 30329] 1112.000000
[1592, 32020] 1134.000000
[1592, 31998] 1066.000000
[1592, 32202] 1230.000000
[1592, 32746] 1670.000000
[1813, 8211] 338.000000
[1813, 7823] 252.000000
[1813, 6679] 252.000000
[1813, 4626] 350.000000
[1813, 7671] 316.000000
[1813, 1592] 46.000000
[1813, 10688] 354.000000
[1813, 8169] 250.000000
[1813, 10635] 438.000000
[1813, 10417] 426.000000
[1813, 8236] 272.000000
[1813, 6205] 180.000000
[1813, 6686] 152.000000
[1813, 3527] 94.000000
[1813, 8210] 266.000000
[1813, 16230] 456.000000
[1813, 8643] 278.000000
[1813, 10955] 700.000000
[1813, 11356] 690.000000
[1813, 12593] 662.000000
[1813, 13107] 662.000000
[1813, 16008] 618.000000
[1813, 12670] 630.000000
[1813, 11407] 666.000000
[1813, 11087] 678.000000
[1813, 15365] 604.000000
[1813, 13420] 610.000000
[1813, 14140] 488.000000
[1813, 17207] 464.000000
[1813, 15728] 646.000000
[1813, 18089] 746.000000
[1813, 17812] 710.000000
[1813, 20006] 820.000000
[1813, 18703] 710.000000
[1813, 18458] 764.000000
[1813, 19155] 822.000000
[1813, 19039] 546.000000
[1813, 20436] 746.000000
[1813, 27386] 904.000000
[1813, 21116] 798.000000
[1813, 24352] 896.000000
[1813, 23742] 878.000000
[1813, 20848] 572.000000
[1813, 23411] 714.000000
[1813, 23994] 852.000000
[1813, 27316] 972.000000
[1813, 27411] 950.000000
[1813, 27395] 918.000000
[1813, 25182] 884.000000
[1813, 25498] 940.000000
[1813, 27376] 920.000000
[1813, 24027] 828.000000
[1813, 26039] 892.000000
[1813, 23295] 798.000000
[1813, 24131] 826.000000
[1813, 20079] 624.000000
[1813, 21061] 730.000000
[1813, 20745] 744.000000
[1813, 20627] 754.000000
[1813, 21300] 768.000000
[1813, 18954] 560.000000
[1813, 19484] 590.000000
[1813, 20156] 660.000000
[1813, 28378] 1000.000000
[1813, 28619] 1066.000000
[1813, 30162] 1226.000000
[1813, 32062] 1240.000000
[1813, 30155] 1228.000000
[1813, 30329] 1118.000000
[1813, 32020] 1140.000000
[1813, 31998] 1072.000000
[1813, 32202] 1236.000000
[1813, 32746] 1634.000000
[10688, 8211] 442.000000
[10688, 7823] 360.000000
[10688, 6679] 404.000000
[10688, 4626] 486.000000
[10688, 7671] 452.000000
[10688, 1592] 348.000000
[10688, 1813] 354.000000
[10688, 8169] 132.000000
[10688, 10635] 108.000000
[10688, 10417] 96.000000
[10688, 8236] 142.000000
[10688, 6205] 214.000000
[10688, 6686] 210.000000
[10688, 3527] 276.000000
[10688, 8210] 144.000000
[10688, 16230] 126.000000
[10688, 8643] 120.000000
[10688, 10955] 370.000000
[10688, 11356] 360.000000
[10688, 12593] 332.000000
[10688, 13107] 332.000000
[10688, 16008] 288.000000
[10688, 12670] 300.000000
[10688, 11407] 336.000000
[10688, 11087] 348.000000
[10688, 15365] 274.000000
[10688, 13420] 280.000000
[10688, 14140] 158.000000
[10688, 17207] 134.000000
[10688, 15728] 316.000000
[10688, 18089] 582.000000
[10688, 17812] 418.000000
[10688, 20006] 552.000000
[10688, 18703] 438.000000
[10688, 18458] 592.000000
[10688, 19155] 542.000000
[10688, 19039] 208.000000
[10688, 20436] 454.000000
[10688, 27386] 566.000000
[10688, 21116] 506.000000
[10688, 24352] 612.000000
[10688, 23742] 594.000000
[10688, 20848] 234.000000
[10688, 23411] 384.000000
[10688, 23994] 514.000000
[10688, 27316] 634.000000
[10688, 27411] 612.000000
[10688, 27395] 580.000000
[10688, 25182] 546.000000
[10688, 25498] 602.000000
[10688, 27376] 582.000000
[10688, 24027] 490.000000
[10688, 26039] 554.000000
[10688, 23295] 460.000000
[10688, 24131] 488.000000
[10688, 20079] 286.000000
[10688, 21061] 392.000000
[10688, 20745] 452.000000
[10688, 20627] 450.000000
[10688, 21300] 430.000000
[10688, 18954] 222.000000
[10688, 19484] 252.000000
[10688, 20156] 322.000000
[10688, 28378] 662.000000
[10688, 28619] 786.000000
[10688, 30162] 888.000000
[10688, 32062] 902.000000
[10688, 30155] 890.000000
[10688, 30329] 780.000000
[10688, 32020] 802.000000
[10688, 31998] 734.000000
[10688, 32202] 898.000000
[10688, 32746] 1354.000000
[8169, 8211] 446.000000
[8169, 7823] 364.000000
[8169, 6679] 374.000000
[8169, 4626] 472.000000
[8169, 7671] 438.000000
[8169, 1592] 244.000000
[8169, 1813] 250.000000
[8169, 10688] 132.000000
[8169, 10635] 204.000000
[8169, 10417] 192.000000
[8169, 8236] 62.000000
[8169, 6205] 110.000000
[8169, 6686] 106.000000
[8169, 3527] 172.000000
[8169, 8210] 20.000000
[8169, 16230] 222.000000
[8169, 8643] 44.000000
[8169, 10955] 466.000000
[8169, 11356] 456.000000
[8169, 12593] 428.000000
[8169, 13107] 428.000000
[8169, 16008] 384.000000
[8169, 12670] 396.000000
[8169, 11407] 432.000000
[8169, 11087] 444.000000
[8169, 15365] 370.000000
[8169, 13420] 376.000000
[8169, 14140] 254.000000
[8169, 17207] 238.000000
[8169, 15728] 412.000000
[8169, 18089] 614.000000
[8169, 17812] 530.000000
[8169, 20006] 664.000000
[8169, 18703] 550.000000
[8169, 18458] 632.000000
[8169, 19155] 654.000000
[8169, 19039] 324.000000
[8169, 20436] 566.000000
[8169, 27386] 682.000000
[8169, 21116] 618.000000
[8169, 24352] 724.000000
[8169, 23742] 706.000000
[8169, 20848] 350.000000
[8169, 23411] 492.000000
[8169, 23994] 630.000000
[8169, 27316] 750.000000
[8169, 27411] 728.000000
[8169, 27395] 696.000000
[8169, 25182] 662.000000
[8169, 25498] 718.000000
[8169, 27376] 698.000000
[8169, 24027] 606.000000
[8169, 26039] 670.000000
[8169, 23295] 576.000000
[8169, 24131] 604.000000
[8169, 20079] 402.000000
[8169, 21061] 508.000000
[8169, 20745] 564.000000
[8169, 20627] 566.000000
[8169, 21300] 546.000000
[8169, 18954] 338.000000
[8169, 19484] 368.000000
[8169, 20156] 438.000000
[8169, 28378] 778.000000
[8169, 28619] 898.000000
[8169, 30162] 1004.000000
[8169, 32062] 1018.000000
[8169, 30155] 1006.000000
[8169, 30329] 896.000000
[8169, 32020] 918.000000
[8169, 31998] 850.000000
[8169, 32202] 1014.000000
[8169, 32746] 1466.000000
[10635, 8211] 546.000000
[10635, 7823] 464.000000
[10635, 6679] 508.000000
[10635, 4626] 590.000000
[10635, 7671] 556.000000
[10635, 1592] 432.000000
[10635, 1813] 438.000000
[10635, 10688] 108.000000
[10635, 8169] 204.000000
[10635, 10417] 36.000000
[10635, 8236] 226.000000
[10635, 6205] 298.000000
[10635, 6686] 294.000000
[10635, 3527] 360.000000
[10635, 8210] 216.000000
[10635, 16230] 142.000000
[10635, 8643] 192.000000
[10635, 10955] 386.000000
[10635, 11356] 376.000000
[10635, 12593] 348.000000
[10635, 13107] 348.000000
[10635, 16008] 304.000000
[10635, 12670] 316.000000
[10635, 11407] 352.000000
[10635, 11087] 364.000000
[10635, 15365] 290.000000
[10635, 13420] 296.000000
[10635, 14140] 174.000000
[10635, 17207] 174.000000
[10635, 15728] 332.000000
[10635, 18089] 634.000000
[10635, 17812] 470.000000
[10635, 20006] 604.000000
[10635, 18703] 490.000000
[10635, 18458] 644.000000
[10635, 19155] 594.000000
[10635, 19039] 260.000000
[10635, 20436] 506.000000
[10635, 27386] 618.000000
[10635, 21116] 558.000000
[10635, 24352] 664.000000
[10635, 23742] 646.000000
[10635, 20848] 286.000000
[10635, 23411] 428.000000
[10635, 23994] 566.000000
[10635, 27316] 686.000000
[10635, 27411] 664.000000
[10635, 27395] 632.000000
[10635, 25182] 598.000000
[10635, 25498] 654.000000
[10635, 27376] 634.000000
[10635, 24027] 542.000000
[10635, 26039] 606.000000
[10635, 23295] 512.000000
[10635, 24131] 540.000000
[10635, 20079] 338.000000
[10635, 21061] 444.000000
[10635, 20745] 504.000000
[10635, 20627] 502.000000
[10635, 21300] 482.000000
[10635, 18954] 274.000000
[10635, 19484] 304.000000
[10635, 20156] 374.000000
[10635, 28378] 714.000000
[10635, 28619] 838.000000
[10635, 30162] 940.000000
[10635, 32062] 954.000000
[10635, 30155] 942.000000
[10635, 30329] 832.000000
[10635, 32020] 854.000000
[10635, 31998] 786.000000
[10635, 32202] 950.000000
[10635, 32746] 1406.000000
[10417, 8211] 534.000000
[10417, 7823] 452.000000
[10417, 6679] 496.000000
[10417, 4626] 578.000000
[10417, 7671] 544.000000
[10417, 1592] 420.000000
[10417, 1813] 426.000000
[10417, 10688] 96.000000
[10417, 8169] 192.000000
[10417, 10635] 36.000000
[10417, 8236] 214.000000
[10417, 6205] 286.000000
[10417, 6686] 282.000000
[10417, 3527] 348.000000
[10417, 8210] 204.000000
[10417, 16230] 130.000000
[10417, 8643] 180.000000
[10417, 10955] 374.000000
[10417, 11356] 364.000000
[10417, 12593] 336.000000
[10417, 13107] 336.000000
[10417, 16008] 292.000000
[10417, 12670] 304.000000
[10417, 11407] 340.000000
[10417, 11087] 352.000000
[10417, 15365] 278.000000
[10417, 13420] 284.000000
[10417, 14140] 162.000000
[10417, 17207] 162.000000
[10417, 15728] 320.000000
[10417, 18089] 622.000000
[10417, 17812] 458.000000
[10417, 20006] 592.000000
[10417, 18703] 478.000000
[10417, 18458] 632.000000
[10417, 19155] 582.000000
[10417, 19039] 248.000000
[10417, 20436] 494.000000
[10417, 27386] 606.000000
[10417, 21116] 546.000000
[10417, 24352] 652.000000
[10417, 23742] 634.000000
[10417, 20848] 274.000000
[10417, 23411] 416.000000
[10417, 23994] 554.000000
[10417, 27316] 674.000000
[10417, 27411] 652.000000
[10417, 27395] 620.000000
[10417, 25182] 586.000000
[10417, 25498] 642.000000
[10417, 27376] 622.000000
[10417, 24027] 530.000000
[10417, 26039] 594.000000
[10417, 23295] 500.000000
[10417, 24131] 528.000000
[10417, 20079] 326.000000
[10417, 21061] 432.000000
[10417, 20745] 492.000000
[10417, 20627] 490.000000
[10417, 21300] 470.000000
[10417, 18954] 262.000000
[10417, 19484] 292.000000
[10417, 20156] 362.000000
[10417, 28378] 702.000000
[10417, 28619] 826.000000
[10417, 30162] 928.000000
[10417, 32062] 942.000000
[10417, 30155] 930.000000
[10417, 30329] 820.000000
[10417, 32020] 842.000000
[10417, 31998] 774.000000
[10417, 32202] 938.000000
[10417, 32746] 1394.000000
[8236, 8211] 416.000000
[8236, 7823] 334.000000
[8236, 6679] 378.000000
[8236, 4626] 460.000000
[8236, 7671] 426.000000
[8236, 1592] 266.000000
[8236, 1813] 272.000000
[8236, 10688] 142.000000
[8236, 8169] 62.000000
[8236, 10635] 226.000000
[8236, 10417] 214.000000
[8236, 6205] 132.000000
[8236, 6686] 128.000000
[8236, 3527] 194.000000
[8236, 8210] 74.000000
[8236, 16230] 244.000000
[8236, 8643] 66.000000
[8236, 10955] 488.000000
[8236, 11356] 478.000000
[8236, 12593] 450.000000
[8236, 13107] 450.000000
[8236, 16008] 406.000000
[8236, 12670] 418.000000
[8236, 11407] 454.000000
[8236, 11087] 466.000000
[8236, 15365] 392.000000
[8236, 13420] 398.000000
[8236, 14140] 276.000000
[8236, 17207] 252.000000
[8236, 15728] 434.000000
[8236, 18089] 584.000000
[8236, 17812] 500.000000
[8236, 20006] 634.000000
[8236, 18703] 520.000000
[8236, 18458] 602.000000
[8236, 19155] 624.000000
[8236, 19039] 334.000000
[8236, 20436] 536.000000
[8236, 27386] 692.000000
[8236, 21116] 588.000000
[8236, 24352] 694.000000
[8236, 23742] 676.000000
[8236, 20848] 360.000000
[8236, 23411] 502.000000
[8236, 23994] 640.000000
[8236, 27316] 760.000000
[8236, 27411] 738.000000
[8236, 27395] 706.000000
[8236, 25182] 672.000000
[8236, 25498] 728.000000
[8236, 27376] 708.000000
[8236, 24027] 616.000000
[8236, 26039] 680.000000
[8236, 23295] 586.000000
[8236, 24131] 614.000000
[8236, 20079] 412.000000
[8236, 21061] 518.000000
[8236, 20745] 534.000000
[8236, 20627] 544.000000
[8236, 21300] 556.000000
[8236, 18954] 348.000000
[8236, 19484] 378.000000
[8236, 20156] 448.000000
[8236, 28378] 788.000000
[8236, 28619] 868.000000
[8236, 30162] 1014.000000
[8236, 32062] 1028.000000
[8236, 30155] 1016.000000
[8236, 30329] 906.000000
[8236, 32020] 928.000000
[8236, 31998] 860.000000
[8236, 32202] 1024.000000
[8236, 32746] 1436.000000
[6205, 8211] 390.000000
[6205, 7823] 304.000000
[6205, 6679] 304.000000
[6205, 4626] 402.000000
[6205, 7671] 368.000000
[6205, 1592] 174.000000
[6205, 1813] 180.000000
[6205, 10688] 214.000000
[6205, 8169] 110.000000
[6205, 10635] 298.000000
[6205, 10417] 286.000000
[6205, 8236] 132.000000
[6205, 6686] 48.000000
[6205, 3527] 102.000000
[6205, 8210] 126.000000
[6205, 16230] 316.000000
[6205, 8643] 138.000000
[6205, 10955] 560.000000
[6205, 11356] 550.000000
[6205, 12593] 522.000000
[6205, 13107] 522.000000
[6205, 16008] 478.000000
[6205, 12670] 490.000000
[6205, 11407] 526.000000
[6205, 11087] 538.000000
[6205, 15365] 464.000000
[6205, 13420] 470.000000
[6205, 14140] 348.000000
[6205, 17207] 324.000000
[6205, 15728] 506.000000
[6205, 18089] 684.000000
[6205, 17812] 600.000000
[6205, 20006] 734.000000
[6205, 18703] 620.000000
[6205, 18458] 702.000000
[6205, 19155] 724.000000
[6205, 19039] 406.000000
[6205, 20436] 636.000000
[6205, 27386] 764.000000
[6205, 21116] 688.000000
[6205, 24352] 794.000000
[6205, 23742] 776.000000
[6205, 20848] 432.000000
[6205, 23411] 574.000000
[6205, 23994] 712.000000
[6205, 27316] 832.000000
[6205, 27411] 810.000000
[6205, 27395] 778.000000
[6205, 25182] 744.000000
[6205, 25498] 800.000000
[6205, 27376] 780.000000
[6205, 24027] 688.000000
[6205, 26039] 752.000000
[6205, 23295] 658.000000
[6205, 24131] 686.000000
[6205, 20079] 484.000000
[6205, 21061] 590.000000
[6205, 20745] 634.000000
[6205, 20627] 644.000000
[6205, 21300] 628.000000
[6205, 18954] 420.000000
[6205, 19484] 450.000000
[6205, 20156] 520.000000
[6205, 28378] 860.000000
[6205, 28619] 968.000000
[6205, 30162] 1086.000000
[6205, 32062] 1100.000000
[6205, 30155] 1088.000000
[6205, 30329] 978.000000
[6205, 32020] 1000.000000
[6205, 31998] 932.000000
[6205, 32202] 1096.000000
[6205, 32746] 1536.000000
[6686, 8211] 362.000000
[6686, 7823] 276.000000
[6686, 6679] 276.000000
[6686, 4626] 374.000000
[6686, 7671] 340.000000
[6686, 1592] 150.000000
[6686, 1813] 152.000000
[6686, 10688] 210.000000
[6686, 8169] 106.000000
[6686, 10635] 294.000000
[6686, 10417] 282.000000
[6686, 8236] 128.000000
[6686, 6205] 48.000000
[6686, 3527] 90.000000
[6686, 8210] 122.000000
[6686, 16230] 312.000000
[6686, 8643] 134.000000
[6686, 10955] 556.000000
[6686, 11356] 546.000000
[6686, 12593] 518.000000
[6686, 13107] 518.000000
[6686, 16008] 474.000000
[6686, 12670] 486.000000
[6686, 11407] 522.000000
[6686, 11087] 534.000000
[6686, 15365] 460.000000
[6686, 13420] 466.000000
[6686, 14140] 344.000000
[6686, 17207] 320.000000
[6686, 15728] 502.000000
[6686, 18089] 680.000000
[6686, 17812] 596.000000
[6686, 20006] 730.000000
[6686, 18703] 616.000000
[6686, 18458] 698.000000
[6686, 19155] 720.000000
[6686, 19039] 402.000000
[6686, 20436] 632.000000
[6686, 27386] 760.000000
[6686, 21116] 684.000000
[6686, 24352] 790.000000
[6686, 23742] 772.000000
[6686, 20848] 428.000000
[6686, 23411] 570.000000
[6686, 23994] 708.000000
[6686, 27316] 828.000000
[6686, 27411] 806.000000
[6686, 27395] 774.000000
[6686, 25182] 740.000000
[6686, 25498] 796.000000
[6686, 27376] 776.000000
[6686, 24027] 684.000000
[6686, 26039] 748.000000
[6686, 23295] 654.000000
[6686, 24131] 682.000000
[6686, 20079] 480.000000
[6686, 21061] 586.000000
[6686, 20745] 630.000000
[6686, 20627] 640.000000
[6686, 21300] 624.000000
[6686, 18954] 416.000000
[6686, 19484] 446.000000
[6686, 20156] 516.000000
[6686, 28378] 856.000000
[6686, 28619] 964.000000
[6686, 30162] 1082.000000
[6686, 32062] 1096.000000
[6686, 30155] 1084.000000
[6686, 30329] 974.000000
[6686, 32020] 996.000000
[6686, 31998] 928.000000
[6686, 32202] 1092.000000
[6686, 32746] 1532.000000
[3527, 8211] 350.000000
[3527, 7823] 264.000000
[3527, 6679] 264.000000
[3527, 4626] 362.000000
[3527, 7671] 328.000000
[3527, 1592] 88.000000
[3527, 1813] 94.000000
[3527, 10688] 276.000000
[3527, 8169] 172.000000
[3527, 10635] 360.000000
[3527, 10417] 348.000000
[3527, 8236] 194.000000
[3527, 6205] 102.000000
[3527, 6686] 90.000000
[3527, 8210] 188.000000
[3527, 16230] 378.000000
[3527, 8643] 200.000000
[3527, 10955] 622.000000
[3527, 11356] 612.000000
[3527, 12593] 584.000000
[3527, 13107] 584.000000
[3527, 16008] 540.000000
[3527, 12670] 552.000000
[3527, 11407] 588.000000
[3527, 11087] 600.000000
[3527, 15365] 526.000000
[3527, 13420] 532.000000
[3527, 14140] 410.000000
[3527, 17207] 386.000000
[3527, 15728] 568.000000
[3527, 18089] 746.000000
[3527, 17812] 662.000000
[3527, 20006] 796.000000
[3527, 18703] 682.000000
[3527, 18458] 764.000000
[3527, 19155] 786.000000
[3527, 19039] 468.000000
[3527, 20436] 698.000000
[3527, 27386] 826.000000
[3527, 21116] 750.000000
[3527, 24352] 856.000000
[3527, 23742] 838.000000
[3527, 20848] 494.000000
[3527, 23411] 636.000000
[3527, 23994] 774.000000
[3527, 27316] 894.000000
[3527, 27411] 872.000000
[3527, 27395] 840.000000
[3527, 25182] 806.000000
[3527, 25498] 862.000000
[3527, 27376] 842.000000
[3527, 24027] 750.000000
[3527, 26039] 814.000000
[3527, 23295] 720.000000
[3527, 24131] 748.000000
[3527, 20079] 546.000000
[3527, 21061] 652.000000
[3527, 20745] 696.000000
[3527, 20627] 706.000000
[3527, 21300] 690.000000
[3527, 18954] 482.000000
[3527, 19484] 512.000000
[3527, 20156] 582.000000
[3527, 28378] 922.000000
[3527, 28619] 1030.000000
[3527, 30162] 1148.000000
[3527, 32062] 1162.000000
[3527, 30155] 1150.000000
[3527, 30329] 1040.000000
[3527, 32020] 1062.000000
[3527, 31998] 994.000000
[3527, 32202] 1158.000000
[3527, 32746] 1598.000000
[8210, 8211] 458.000000
[8210, 7823] 376.000000
[8210, 6679] 390.000000
[8210, 4626] 488.000000
[8210, 7671] 454.000000
[8210, 1592] 260.000000
[8210, 1813] 266.000000
[8210, 10688] 144.000000
[8210, 8169] 20.000000
[8210, 10635] 216.000000
[8210, 10417] 204.000000
[8210, 8236] 74.000000
[8210, 6205] 126.000000
[8210, 6686] 122.000000
[8210, 3527] 188.000000
[8210, 16230] 234.000000
[8210, 8643] 56.000000
[8210, 10955] 478.000000
[8210, 11356] 468.000000
[8210, 12593] 440.000000
[8210, 13107] 440.000000
[8210, 16008] 396.000000
[8210, 12670] 408.000000
[8210, 11407] 444.000000
[8210, 11087] 456.000000
[8210, 15365] 382.000000
[8210, 13420] 388.000000
[8210, 14140] 266.000000
[8210, 17207] 250.000000
[8210, 15728] 424.000000
[8210, 18089] 626.000000
[8210, 17812] 542.000000
[8210, 20006] 676.000000
[8210, 18703] 562.000000
[8210, 18458] 644.000000
[8210, 19155] 666.000000
[8210, 19039] 336.000000
[8210, 20436] 578.000000
[8210, 27386] 694.000000
[8210, 21116] 630.000000
[8210, 24352] 736.000000
[8210, 23742] 718.000000
[8210, 20848] 362.000000
[8210, 23411] 504.000000
[8210, 23994] 642.000000
[8210, 27316] 762.000000
[8210, 27411] 740.000000
[8210, 27395] 708.000000
[8210, 25182] 674.000000
[8210, 25498] 730.000000
[8210, 27376] 710.000000
[8210, 24027] 618.000000
[8210, 26039] 682.000000
[8210, 23295] 588.000000
[8210, 24131] 616.000000
[8210, 20079] 414.000000
[8210, 21061] 520.000000
[8210, 20745] 576.000000
[8210, 20627] 578.000000
[8210, 21300] 558.000000
[8210, 18954] 350.000000
[8210, 19484] 380.000000
[8210, 20156] 450.000000
[8210, 28378] 790.000000
[8210, 28619] 910.000000
[8210, 30162] 1016.000000
[8210, 32062] 1030.000000
[8210, 30155] 1018.000000
[8210, 30329] 908.000000
[8210, 32020] 930.000000
[8210, 31998] 862.000000
[8210, 32202] 1026.000000
[8210, 32746] 1478.000000
[16230, 8211] 492.000000
[16230, 7823] 410.000000
[16230, 6679] 454.000000
[16230, 4626] 536.000000
[16230, 7671] 502.000000
[16230, 1592] 450.000000
[16230, 1813] 456.000000
[16230, 10688] 126.000000
[16230, 8169] 222.000000
[16230, 10635] 142.000000
[16230, 10417] 130.000000
[16230, 8236] 244.000000
[16230, 6205] 316.000000
[16230, 6686] 312.000000
[16230, 3527] 378.000000
[16230, 8210] 234.000000
[16230, 8643] 210.000000
[16230, 10955] 280.000000
[16230, 11356] 270.000000
[16230, 12593] 242.000000
[16230, 13107] 242.000000
[16230, 16008] 190.000000
[16230, 12670] 210.000000
[16230, 11407] 246.000000
[16230, 11087] 258.000000
[16230, 15365] 176.000000
[16230, 13420] 190.000000
[16230, 14140] 76.000000
[16230, 17207] 32.000000
[16230, 15728] 218.000000
[16230, 18089] 516.000000
[16230, 17812] 344.000000
[16230, 20006] 478.000000
[16230, 18703] 364.000000
[16230, 18458] 518.000000
[16230, 19155] 468.000000
[16230, 19039] 118.000000
[16230, 20436] 380.000000
[16230, 27386] 476.000000
[16230, 21116] 432.000000
[16230, 24352] 538.000000
[16230, 23742] 520.000000
[16230, 20848] 144.000000
[16230, 23411] 286.000000
[16230, 23994] 424.000000
[16230, 27316] 544.000000
[16230, 27411] 522.000000
[16230, 27395] 490.000000
[16230, 25182] 456.000000
[16230, 25498] 512.000000
[16230, 27376] 492.000000
[16230, 24027] 400.000000
[16230, 26039] 464.000000
[16230, 23295] 370.000000
[16230, 24131] 398.000000
[16230, 20079] 196.000000
[16230, 21061] 302.000000
[16230, 20745] 378.000000
[16230, 20627] 360.000000
[16230, 21300] 340.000000
[16230, 18954] 132.000000
[16230, 19484] 162.000000
[16230, 20156] 232.000000
[16230, 28378] 572.000000
[16230, 28619] 712.000000
[16230, 30162] 798.000000
[16230, 32062] 812.000000
[16230, 30155] 800.000000
[16230, 30329] 690.000000
[16230, 32020] 712.000000
[16230, 31998] 644.000000
[16230, 32202] 808.000000
[16230, 32746] 1280.000000
[8643, 8211] 446.000000
[8643, 7823] 364.000000
[8643, 6679] 402.000000
[8643, 4626] 490.000000
[8643, 7671] 456.000000
[8643, 1592] 272.000000
[8643, 1813] 278.000000
[8643, 10688] 120.000000
[8643, 8169] 44.000000
[8643, 10635] 192.000000
[8643, 10417] 180.000000
[8643, 8236] 66.000000
[8643, 6205] 138.000000
[8643, 6686] 134.000000
[8643, 3527] 200.000000
[8643, 8210] 56.000000
[8643, 16230] 210.000000
[8643, 10955] 454.000000
[8643, 11356] 444.000000
[8643, 12593] 416.000000
[8643, 13107] 416.000000
[8643, 16008] 372.000000
[8643, 12670] 384.000000
[8643, 11407] 420.000000
[8643, 11087] 432.000000
[8643, 15365] 358.000000
[8643, 13420] 364.000000
[8643, 14140] 242.000000
[8643, 17207] 226.000000
[8643, 15728] 400.000000
[8643, 18089] 614.000000
[8643, 17812] 522.000000
[8643, 20006] 656.000000
[8643, 18703] 542.000000
[8643, 18458] 632.000000
[8643, 19155] 646.000000
[8643, 19039] 312.000000
[8643, 20436] 558.000000
[8643, 27386] 670.000000
[8643, 21116] 610.000000
[8643, 24352] 716.000000
[8643, 23742] 698.000000
[8643, 20848] 338.000000
[8643, 23411] 480.000000
[8643, 23994] 618.000000
[8643, 27316] 738.000000
[8643, 27411] 716.000000
[8643, 27395] 684.000000
[8643, 25182] 650.000000
[8643, 25498] 706.000000
[8643, 27376] 686.000000
[8643, 24027] 594.000000
[8643, 26039] 658.000000
[8643, 23295] 564.000000
[8643, 24131] 592.000000
[8643, 20079] 390.000000
[8643, 21061] 496.000000
[8643, 20745] 556.000000
[8643, 20627] 554.000000
[8643, 21300] 534.000000
[8643, 18954] 326.000000
[8643, 19484] 356.000000
[8643, 20156] 426.000000
[8643, 28378] 766.000000
[8643, 28619] 890.000000
[8643, 30162] 992.000000
[8643, 32062] 1006.000000
[8643, 30155] 994.000000
[8643, 30329] 884.000000
[8643, 32020] 906.000000
[8643, 31998] 838.000000
[8643, 32202] 1002.000000
[8643, 32746] 1458.000000
[10955, 8211] 736.000000
[10955, 7823] 654.000000
[10955, 6679] 698.000000
[10955, 4626] 780.000000
[10955, 7671] 746.000000
[10955, 1592] 694.000000
[10955, 1813] 700.000000
[10955, 10688] 370.000000
[10955, 8169] 466.000000
[10955, 10635] 386.000000
[10955, 10417] 374.000000
[10955, 8236] 488.000000
[10955, 6205] 560.000000
[10955, 6686] 556.000000
[10955, 3527] 622.000000
[10955, 8210] 478.000000
[10955, 16230] 280.000000
[10955, 8643] 454.000000
[10955, 11356] 14.000000
[10955, 12593] 46.000000
[10955, 13107] 66.000000
[10955, 16008] 110.000000
[10955, 12670] 70.000000
[10955, 11407] 42.000000
[10955, 11087] 34.000000
[10955, 15365] 108.000000
[10955, 13420] 90.000000
[10955, 14140] 216.000000
[10955, 17207] 312.000000
[10955, 15728] 94.000000
[10955, 18089] 780.000000
[10955, 17812] 608.000000
[10955, 20006] 742.000000
[10955, 18703] 628.000000
[10955, 18458] 782.000000
[10955, 19155] 732.000000
[10955, 19039] 398.000000
[10955, 20436] 644.000000
[10955, 27386] 756.000000
[10955, 21116] 696.000000
[10955, 24352] 802.000000
[10955, 23742] 784.000000
[10955, 20848] 424.000000
[10955, 23411] 566.000000
[10955, 23994] 704.000000
[10955, 27316] 824.000000
[10955, 27411] 802.000000
[10955, 27395] 770.000000
[10955, 25182] 736.000000
[10955, 25498] 792.000000
[10955, 27376] 772.000000
[10955, 24027] 680.000000
[10955, 26039] 744.000000
[10955, 23295] 650.000000
[10955, 24131] 678.000000
[10955, 20079] 476.000000
[10955, 21061] 582.000000
[10955, 20745] 642.000000
[10955, 20627] 640.000000
[10955, 21300] 620.000000
[10955, 18954] 412.000000
[10955, 19484] 442.000000
[10955, 20156] 512.000000
[10955, 28378] 852.000000
[10955, 28619] 976.000000
[10955, 30162] 1078.000000
[10955, 32062] 1092.000000
[10955, 30155] 1080.000000
[10955, 30329] 970.000000
[10955, 32020] 992.000000
[10955, 31998] 924.000000
[10955, 32202] 1088.000000
[10955, 32746] 1544.000000
[11356, 8211] 726.000000
[11356, 7823] 644.000000
[11356, 6679] 688.000000
[11356, 4626] 770.000000
[11356, 7671] 736.000000
[11356, 1592] 684.000000
[11356, 1813] 690.000000
[11356, 10688] 360.000000
[11356, 8169] 456.000000
[11356, 10635] 376.000000
[11356, 10417] 364.000000
[11356, 8236] 478.000000
[11356, 6205] 550.000000
[11356, 6686] 546.000000
[11356, 3527] 612.000000
[11356, 8210] 468.000000
[11356, 16230] 270.000000
[11356, 8643] 444.000000
[11356, 10955] 14.000000
[11356, 12593] 32.000000
[11356, 13107] 52.000000
[11356, 16008] 100.000000
[11356, 12670] 60.000000
[11356, 11407] 32.000000
[11356, 11087] 40.000000
[11356, 15365] 98.000000
[11356, 13420] 80.000000
[11356, 14140] 206.000000
[11356, 17207] 302.000000
[11356, 15728] 80.000000
[11356, 18089] 770.000000
[11356, 17812] 598.000000
[11356, 20006] 732.000000
[11356, 18703] 618.000000
[11356, 18458] 772.000000
[11356, 19155] 722.000000
[11356, 19039] 388.000000
[11356, 20436] 634.000000
[11356, 27386] 746.000000
[11356, 21116] 686.000000
[11356, 24352] 792.000000
[11356, 23742] 774.000000
[11356, 20848] 414.000000
[11356, 23411] 556.000000
[11356, 23994] 694.000000
[11356, 27316] 814.000000
[11356, 27411] 792.000000
[11356, 27395] 760.000000
[11356, 25182] 726.000000
[11356, 25498] 782.000000
[11356, 27376] 762.000000
[11356, 24027] 670.000000
[11356, 26039] 734.000000
[11356, 23295] 640.000000
[11356, 24131] 668.000000
[11356, 20079] 466.000000
[11356, 21061] 572.000000
[11356, 20745] 632.000000
[11356, 20627] 630.000000
[11356, 21300] 610.000000
[11356, 18954] 402.000000
[11356, 19484] 432.000000
[11356, 20156] 502.000000
[11356, 28378] 842.000000
[11356, 28619] 966.000000
[11356, 30162] 1068.000000
[11356, 32062] 1082.000000
[11356, 30155] 1070.000000
[11356, 30329] 960.000000
[11356, 32020] 982.000000
[11356, 31998] 914.000000
[11356, 32202] 1078.000000
[11356, 32746] 1534.000000
[12593, 8211] 698.000000
[12593, 7823] 616.000000
[12593, 6679] 660.000000
[12593, 4626] 742.000000
[12593, 7671] 708.000000
[12593, 1592] 656.000000
[12593, 1813] 662.000000
[12593, 10688] 332.000000
[12593, 8169] 428.000000
[12593, 10635] 348.000000
[12593, 10417] 336.000000
[12593, 8236] 450.000000
[12593, 6205] 522.000000
[12593, 6686] 518.000000
[12593, 3527] 584.000000
[12593, 8210] 440.000000
[12593, 16230] 242.000000
[12593, 8643] 416.000000
[12593, 10955] 46.000000
[12593, 11356] 32.000000
[12593, 13107] 20.000000
[12593, 16008] 72.000000
[12593, 12670] 32.000000
[12593, 11407] 60.000000
[12593, 11087] 72.000000
[12593, 15365] 70.000000
[12593, 13420] 52.000000
[12593, 14140] 178.000000
[12593, 17207] 274.000000
[12593, 15728] 48.000000
[12593, 18089] 742.000000
[12593, 17812] 570.000000
[12593, 20006] 704.000000
[12593, 18703] 590.000000
[12593, 18458] 744.000000
[12593, 19155] 694.000000
[12593, 19039] 360.000000
[12593, 20436] 606.000000
[12593, 27386] 718.000000
[12593, 21116] 658.000000
[12593, 24352] 764.000000
[12593, 23742] 746.000000
[12593, 20848] 386.000000
[12593, 23411] 528.000000
[12593, 23994] 666.000000
[12593, 27316] 786.000000
[12593, 27411] 764.000000
[12593, 27395] 732.000000
[12593, 25182] 698.000000
[12593, 25498] 754.000000
[12593, 27376] 734.000000
[12593, 24027] 642.000000
[12593, 26039] 706.000000
[12593, 23295] 612.000000
[12593, 24131] 640.000000
[12593, 20079] 438.000000
[12593, 21061] 544.000000
[12593, 20745] 604.000000
[12593, 20627] 602.000000
[12593, 21300] 582.000000
[12593, 18954] 374.000000
[12593, 19484] 404.000000
[12593, 20156] 474.000000
[12593, 28378] 814.000000
[12593, 28619] 938.000000
[12593, 30162] 1040.000000
[12593, 32062] 1054.000000
