[8211, 7823] 86.000000
[8211, 6679] 130.000000
[8211, 4626] 148.000000
[8211, 7671] 114.000000
[8211, 1592] 376.000000
[8211, 1813] 338.000000
[8211, 10688] 442.000000
[8211, 8169] 446.000000
[8211, 10635] 546.000000
[8211, 10417] 534.000000
[8211, 8236] 416.000000
[8211, 6205] 390.000000
[8211, 6686] 362.000000
[8211, 3527] 350.000000
[8211, 8210] 458.000000
[8211, 8643] 446.000000
[8211, 10955] 736.000000
[8211, 11356] 726.000000
[8211, 12593] 698.000000
[8211, 13107] 698.000000
[8211, 11087] 714.000000
[8211, 15365] 640.000000
[8211, 14140] 524.000000
[8211, 17207] 500.000000
[8211, 15728] 682.000000
[8211, 18089] 576.000000
[8211, 19039] 518.000000
[8211, 24352] 726.000000
[8211, 23742] 708.000000
[8211, 20848] 588.000000
[8211, 23411] 746.000000
[8211, 27316] 892.000000
[8211, 27395] 838.000000
[8211, 25182] 804.000000
[8211, 25498] 860.000000
[8211, 24027] 748.000000
[8211, 23295] 718.000000
[8211, 20079] 544.000000
[8211, 18954] 500.000000
[8211, 28619] 896.000000
[8211, 32062] 1160.000000
[8211, 30329] 1038.000000
[8211, 32202] 1156.000000
[8211, 32746] 1464.000000
[7823, 8211] 86.000000
[7823, 6679] 44.000000
[7823, 4626] 130.000000
[7823, 7671] 96.000000
[7823, 1592] 290.000000
[7823, 1813] 252.000000
[7823, 10688] 360.000000
[7823, 8169] 364.000000
[7823, 10635] 464.000000
[7823, 10417] 452.000000
[7823, 8236] 334.000000
[7823, 6205] 304.000000
[7823, 6686] 276.000000
[7823, 3527] 264.000000
[7823, 8210] 376.000000
[7823, 8643] 364.000000
[7823, 10955] 654.000000
[7823, 11356] 644.000000
[7823, 12593] 616.000000
[7823, 13107] 616.000000
[7823, 11087] 632.000000
[7823, 15365] 558.000000
[7823, 14140] 442.000000
[7823, 17207] 418.000000
[7823, 15728] 600.000000
[7823, 18089] 494.000000
[7823, 19039] 436.000000
[7823, 24352] 644.000000
[7823, 23742] 626.000000
[7823, 20848] 506.000000
[7823, 23411] 664.000000
[7823, 27316] 810.000000
[7823, 27395] 756.000000
[7823, 25182] 722.000000
[7823, 25498] 778.000000
[7823, 24027] 666.000000
[7823, 23295] 636.000000
[7823, 20079] 462.000000
[7823, 18954] 418.000000
[7823, 28619] 814.000000
[7823, 32062] 1078.000000
[7823, 30329] 956.000000
[7823, 32202] 1074.000000
[7823, 32746] 1382.000000
[6679, 8211] 130.000000
[6679, 7823] 44.000000
[6679, 4626] 142.000000
[6679, 7671] 108.000000
[6679, 1592] 290.000000
[6679, 1813] 252.000000
[6679, 10688] 404.000000
[6679, 8169] 374.000000
[6679, 10635] 508.000000
[6679, 10417] 496.000000
[6679, 8236] 378.000000
[6679, 6205] 304.000000
[6679, 6686] 276.000000
[6679, 3527] 264.000000
[6679, 8210] 390.000000
[6679, 8643] 402.000000
[6679, 10955] 698.000000
[6679, 11356] 688.000000
[6679, 12593] 660.000000
[6679, 13107] 660.000000
[6679, 11087] 676.000000
[6679, 15365] 602.000000
[6679, 14140] 486.000000
[6679, 17207] 462.000000
[6679, 15728] 644.000000
[6679, 18089] 538.000000
[6679, 19039] 480.000000
[6679, 24352] 688.000000
[6679, 23742] 670.000000
[6679, 20848] 550.000000
[6679, 23411] 708.000000
[6679, 27316] 854.000000
[6679, 27395] 800.000000
[6679, 25182] 766.000000
[6679, 25498] 822.000000
[6679, 24027] 710.000000
[6679, 23295] 680.000000
[6679, 20079] 506.000000
[6679, 18954] 462.000000
[6679, 28619] 858.000000
[6679, 32062] 1122.000000
[6679, 30329] 1000.000000
[6679, 32202] 1118.000000
[6679, 32746] 1426.000000
[4626, 8211] 148.000000
[4626, 7823] 130.000000
[4626, 6679] 142.000000
[4626, 7671] 106.000000
[4626, 1592] 388.000000
[4626, 1813] 350.000000
[4626, 10688] 486.000000
[4626, 8169] 472.000000
[4626, 10635] 590.000000
[4626, 10417] 578.000000
[4626, 8236] 460.000000
[4626, 6205] 402.000000
[4626, 6686] 374.000000
[4626, 3527] 362.000000
[4626, 8210] 488.000000
[4626, 8643] 490.000000
[4626, 10955] 780.000000
[4626, 11356] 770.000000
[4626, 12593] 742.000000
[4626, 13107] 742.000000
[4626, 11087] 758.000000
[4626, 15365] 684.000000
[4626, 14140] 568.000000
[4626, 17207] 544.000000
[4626, 15728] 726.000000
[4626, 18089] 620.000000
[4626, 19039] 562.000000
[4626, 24352] 770.000000
[4626, 23742] 752.000000
[4626, 20848] 632.000000
[4626, 23411] 790.000000
[4626, 27316] 936.000000
[4626, 27395] 882.000000
[4626, 25182] 848.000000
[4626, 25498] 904.000000
[4626, 24027] 792.000000
[4626, 23295] 762.000000
[4626, 20079] 588.000000
[4626, 18954] 544.000000
[4626, 28619] 940.000000
[4626, 32062] 1204.000000
[4626, 30329] 1082.000000
[4626, 32202] 1200.000000
[4626, 32746] 1508.000000
[7671, 8211] 114.000000
[7671, 7823] 96.000000
[7671, 6679] 108.000000
[7671, 4626] 106.000000
[7671, 1592] 354.000000
[7671, 1813] 316.000000
[7671, 10688] 452.000000
[7671, 8169] 438.000000
[7671, 10635] 556.000000
[7671, 10417] 544.000000
[7671, 8236] 426.000000
[7671, 6205] 368.000000
[7671, 6686] 340.000000
[7671, 3527] 328.000000
[7671, 8210] 454.000000
[7671, 8643] 456.000000
[7671, 10955] 746.000000
[7671, 11356] 736.000000
[7671, 12593] 708.000000
[7671, 13107] 708.000000
[7671, 11087] 724.000000
[7671, 15365] 650.000000
[7671, 14140] 534.000000
[7671, 17207] 510.000000
[7671, 15728] 692.000000
[7671, 18089] 586.000000
[7671, 19039] 528.000000
[7671, 24352] 736.000000
[7671, 23742] 718.000000
[7671, 20848] 598.000000
[7671, 23411] 756.000000
[7671, 27316] 902.000000
[7671, 27395] 848.000000
[7671, 25182] 814.000000
[7671, 25498] 870.000000
[7671, 24027] 758.000000
[7671, 23295] 728.000000
[7671, 20079] 554.000000
[7671, 18954] 510.000000
[7671, 28619] 906.000000
[7671, 32062] 1170.000000
[7671, 30329] 1048.000000
[7671, 32202] 1166.000000
[7671, 32746] 1474.000000
[1592, 8211] 376.000000
[1592, 7823] 290.000000
[1592, 6679] 290.000000
[1592, 4626] 388.000000
[1592, 7671] 354.000000
[1592, 1813] 46.000000
[1592, 10688] 348.000000
[1592, 8169] 244.000000
[1592, 10635] 432.000000
[1592, 10417] 420.000000
[1592, 8236] 266.000000
[1592, 6205] 174.000000
[1592, 6686] 150.000000
[1592, 3527] 88.000000
[1592, 8210] 260.000000
[1592, 8643] 272.000000
[1592, 10955] 694.000000
[1592, 11356] 684.000000
[1592, 12593] 656.000000
[1592, 13107] 656.000000
[1592, 11087] 672.000000
[1592, 15365] 598.000000
[1592, 14140] 482.000000
[1592, 17207] 458.000000
[1592, 15728] 640.000000
[1592, 18089] 784.000000
[1592, 19039] 540.000000
[1592, 24352] 928.000000
[1592, 23742] 910.000000
[1592, 20848] 566.000000
[1592, 23411] 708.000000
[1592, 27316] 966.000000
[1592, 27395] 912.000000
[1592, 25182] 878.000000
[1592, 25498] 934.000000
[1592, 24027] 822.000000
[1592, 23295] 792.000000
[1592, 20079] 618.000000
[1592, 18954] 554.000000
[1592, 28619] 1102.000000
[1592, 32062] 1234.000000
[1592, 30329] 1112.000000
[1592, 32202] 1230.000000
[1592, 32746] 1670.000000
[1813, 8211] 338.000000
[1813, 7823] 252.000000
[1813, 6679] 252.000000
[1813, 4626] 350.000000
[1813, 7671] 316.000000
[1813, 1592] 46.000000
[1813, 10688] 354.000000
[1813, 8169] 250.000000
[1813, 10635] 438.000000
[1813, 10417] 426.000000
[1813, 8236] 272.000000
[1813, 6205] 180.000000
[1813, 6686] 152.000000
[1813, 3527] 94.000000
[1813, 8210] 266.000000
[1813, 8643] 278.000000
[1813, 10955] 700.000000
[1813, 11356] 690.000000
[1813, 12593] 662.000000
[1813, 13107] 662.000000
[1813, 11087] 678.000000
[1813, 15365] 604.000000
[1813, 14140] 488.000000
[1813, 17207] 464.000000
[1813, 15728] 646.000000
[1813, 18089] 746.000000
[1813, 19039] 546.000000
[1813, 24352] 896.000000
[1813, 23742] 878.000000
[1813, 20848] 572.000000
[1813, 23411] 714.000000
[1813, 27316] 972.000000
[1813, 27395] 918.000000
[1813, 25182] 884.000000
[1813, 25498] 940.000000
[1813, 24027] 828.000000
[1813, 23295] 798.000000
[1813, 20079] 624.000000
[1813, 18954] 560.000000
[1813, 28619] 1066.000000
[1813, 32062] 1240.000000
[1813, 30329] 1118.000000
[1813, 32202] 1236.000000
[1813, 32746] 1634.000000
[10688, 8211] 442.000000
[10688, 7823] 360.000000
[10688, 6679] 404.000000
[10688, 4626] 486.000000
[10688, 7671] 452.000000
[10688, 1592] 348.000000
[10688, 1813] 354.000000
[10688, 8169] 132.000000
[10688, 10635] 108.000000
[10688, 10417] 96.000000
[10688, 8236] 142.000000
[10688, 6205] 214.000000
[10688, 6686] 210.000000
[10688, 3527] 276.000000
[10688, 8210] 144.000000
[10688, 8643] 120.000000
[10688, 10955] 370.000000
[10688, 11356] 360.000000
[10688, 12593] 332.000000
[10688, 13107] 332.000000
[10688, 11087] 348.000000
[10688, 15365] 274.000000
[10688, 14140] 158.000000
[10688, 17207] 134.000000
[10688, 15728] 316.000000
[10688, 18089] 582.000000
[10688, 19039] 208.000000
[10688, 24352] 612.000000
[10688, 23742] 594.000000
[10688, 20848] 234.000000
[10688, 23411] 384.000000
[10688, 27316] 634.000000
[10688, 27395] 580.000000
[10688, 25182] 546.000000
[10688, 25498] 602.000000
[10688, 24027] 490.000000
[10688, 23295] 460.000000
[10688, 20079] 286.000000
[10688, 18954] 222.000000
[10688, 28619] 786.000000
[10688, 32062] 902.000000
[10688, 30329] 780.000000
[10688, 32202] 898.000000
[10688, 32746] 1354.000000
[8169, 8211] 446.000000
[8169, 7823] 364.000000
[8169, 6679] 374.000000
[8169, 4626] 472.000000
[8169, 7671] 438.000000
[8169, 1592] 244.000000
[8169, 1813] 250.000000
[8169, 10688] 132.000000
[8169, 10635] 204.000000
[8169, 10417] 192.000000
[8169, 8236] 62.000000
[8169, 6205] 110.000000
[8169, 6686] 106.000000
[8169, 3527] 172.000000
[8169, 8210] 20.000000
[8169, 8643] 44.000000
[8169, 10955] 466.000000
[8169, 11356] 456.000000
[8169, 12593] 428.000000
[8169, 13107] 428.000000
[8169, 11087] 444.000000
[8169, 15365] 370.000000
[8169, 14140] 254.000000
[8169, 17207] 238.000000
[8169, 15728] 412.000000
[8169, 18089] 614.000000
[8169, 19039] 324.000000
[8169, 24352] 724.000000
[8169, 23742] 706.000000
[8169, 20848] 350.000000
[8169, 23411] 492.000000
[8169, 27316] 750.000000
[8169, 27395] 696.000000
[8169, 25182] 662.000000
[8169, 25498] 718.000000
[8169, 24027] 606.000000
[8169, 23295] 576.000000
[8169, 20079] 402.000000
[8169, 18954] 338.000000
[8169, 28619] 898.000000
[8169, 32062] 1018.000000
[8169, 30329] 896.000000
[8169, 32202] 1014.000000
[8169, 32746] 1466.000000
[10635, 8211] 546.000000
[10635, 7823] 464.000000
[10635, 6679] 508.000000
[10635, 4626] 590.000000
[10635, 7671] 556.000000
[10635, 1592] 432.000000
[10635, 1813] 438.000000
[10635, 10688] 108.000000
[10635, 8169] 204.000000
[10635, 10417] 36.000000
[10635, 8236] 226.000000
[10635, 6205] 298.000000
[10635, 6686] 294.000000
[10635, 3527] 360.000000
[10635, 8210] 216.000000
[10635, 8643] 192.000000
[10635, 10955] 386.000000
[10635, 11356] 376.000000
[10635, 12593] 348.000000
[10635, 13107] 348.000000
[10635, 11087] 364.000000
[10635, 15365] 290.000000
[10635, 14140] 174.000000
[10635, 17207] 174.000000
[10635, 15728] 332.000000
[10635, 18089] 634.000000
[10635, 19039] 260.000000
[10635, 24352] 664.000000
[10635, 23742] 646.000000
[10635, 20848] 286.000000
[10635, 23411] 428.000000
[10635, 27316] 686.000000
[10635, 27395] 632.000000
[10635, 25182] 598.000000
[10635, 25498] 654.000000
[10635, 24027] 542.000000
[10635, 23295] 512.000000
[10635, 20079] 338.000000
[10635, 18954] 274.000000
[10635, 28619] 838.000000
[10635, 32062] 954.000000
[10635, 30329] 832.000000
[10635, 32202] 950.000000
[10635, 32746] 1406.000000
[10417, 8211] 534.000000
[10417, 7823] 452.000000
[10417, 6679] 496.000000
[10417, 4626] 578.000000
[10417, 7671] 544.000000
[10417, 1592] 420.000000
[10417, 1813] 426.000000
[10417, 10688] 96.000000
[10417, 8169] 192.000000
[10417, 10635] 36.000000
[10417, 8236] 214.000000
[10417, 6205] 286.000000
[10417, 6686] 282.000000
[10417, 3527] 348.000000
[10417, 8210] 204.000000
[10417, 8643] 180.000000
[10417, 10955] 374.000000
[10417, 11356] 364.000000
[10417, 12593] 336.000000
[10417, 13107] 336.000000
[10417, 11087] 352.000000
[10417, 15365] 278.000000
[10417, 14140] 162.000000
[10417, 17207] 162.000000
[10417, 15728] 320.000000
[10417, 18089] 622.000000
[10417, 19039] 248.000000
[10417, 24352] 652.000000
[10417, 23742] 634.000000
[10417, 20848] 274.000000
[10417, 23411] 416.000000
[10417, 27316] 674.000000
[10417, 27395] 620.000000
[10417, 25182] 586.000000
[10417, 25498] 642.000000
[10417, 24027] 530.000000
[10417, 23295] 500.000000
[10417, 20079] 326.000000
[10417, 18954] 262.000000
[10417, 28619] 826.000000
[10417, 32062] 942.000000
[10417, 30329] 820.000000
[10417, 32202] 938.000000
[10417, 32746] 1394.000000
[8236, 8211] 416.000000
[8236, 7823] 334.000000
[8236, 6679] 378.000000
[8236, 4626] 460.000000
[8236, 7671] 426.000000
[8236, 1592] 266.000000
[8236, 1813] 272.000000
[8236, 10688] 142.000000
[8236, 8169] 62.000000
[8236, 10635] 226.000000
[8236, 10417] 214.000000
[8236, 6205] 132.000000
[8236, 6686] 128.000000
[8236, 3527] 194.000000
[8236, 8210] 74.000000
[8236, 8643] 66.000000
[8236, 10955] 488.000000
[8236, 11356] 478.000000
[8236, 12593] 450.000000
[8236, 13107] 450.000000
[8236, 11087] 466.000000
[8236, 15365] 392.000000
[8236, 14140] 276.000000
[8236, 17207] 252.000000
[8236, 15728] 434.000000
[8236, 18089] 584.000000
[8236, 19039] 334.000000
[8236, 24352] 694.000000
[8236, 23742] 676.000000
[8236, 20848] 360.000000
[8236, 23411] 502.000000
[8236, 27316] 760.000000
[8236, 27395] 706.000000
[8236, 25182] 672.000000
[8236, 25498] 728.000000
[8236, 24027] 616.000000
[8236, 23295] 586.000000
[8236, 20079] 412.000000
[8236, 18954] 348.000000
[8236, 28619] 868.000000
[8236, 32062] 1028.000000
[8236, 30329] 906.000000
[8236, 32202] 1024.000000
[8236, 32746] 1436.000000
[6205, 8211] 390.000000
[6205, 7823] 304.000000
[6205, 6679] 304.000000
[6205, 4626] 402.000000
[6205, 7671] 368.000000
[6205, 1592] 174.000000
[6205, 1813] 180.000000
[6205, 10688] 214.000000
[6205, 8169] 110.000000
[6205, 10635] 298.000000
[6205, 10417] 286.000000
[6205, 8236] 132.000000
[6205, 6686] 48.000000
[6205, 3527] 102.000000
[6205, 8210] 126.000000
[6205, 8643] 138.000000
[6205, 10955] 560.000000
[6205, 11356] 550.000000
[6205, 12593] 522.000000
[6205, 13107] 522.000000
[6205, 11087] 538.000000
[6205, 15365] 464.000000
[6205, 14140] 348.000000
[6205, 17207] 324.000000
[6205, 15728] 506.000000
[6205, 18089] 684.000000
[6205, 19039] 406.000000
[6205, 24352] 794.000000
[6205, 23742] 776.000000
[6205, 20848] 432.000000
[6205, 23411] 574.000000
[6205, 27316] 832.000000
[6205, 27395] 778.000000
[6205, 25182] 744.000000
[6205, 25498] 800.000000
[6205, 24027] 688.000000
[6205, 23295] 658.000000
[6205, 20079] 484.000000
[6205, 18954] 420.000000
[6205, 28619] 968.000000
[6205, 32062] 1100.000000
[6205, 30329] 978.000000
[6205, 32202] 1096.000000
[6205, 32746] 1536.000000
[6686, 8211] 362.000000
[6686, 7823] 276.000000
[6686, 6679] 276.000000
[6686, 4626] 374.000000
[6686, 7671] 340.000000
[6686, 1592] 150.000000
[6686, 1813] 152.000000
[6686, 10688] 210.000000
[6686, 8169] 106.000000
[6686, 10635] 294.000000
[6686, 10417] 282.000000
[6686, 8236] 128.000000
[6686, 6205] 48.000000
[6686, 3527] 90.000000
[6686, 8210] 122.000000
[6686, 8643] 134.000000
[6686, 10955] 556.000000
[6686, 11356] 546.000000
[6686, 12593] 518.000000
[6686, 13107] 518.000000
[6686, 11087] 534.000000
[6686, 15365] 460.000000
[6686, 14140] 344.000000
[6686, 17207] 320.000000
[6686, 15728] 502.000000
[6686, 18089] 680.000000
[6686, 19039] 402.000000
[6686, 24352] 790.000000
[6686, 23742] 772.000000
[6686, 20848] 428.000000
[6686, 23411] 570.000000
[6686, 27316] 828.000000
[6686, 27395] 774.000000
[6686, 25182] 740.000000
[6686, 25498] 796.000000
[6686, 24027] 684.000000
[6686, 23295] 654.000000
[6686, 20079] 480.000000
[6686, 18954] 416.000000
[6686, 28619] 964.000000
[6686, 32062] 1096.000000
[6686, 30329] 974.000000
[6686, 32202] 1092.000000
[6686, 32746] 1532.000000
[3527, 8211] 350.000000
[3527, 7823] 264.000000
[3527, 6679] 264.000000
[3527, 4626] 362.000000
[3527, 7671] 328.000000
[3527, 1592] 88.000000
[3527, 1813] 94.000000
[3527, 10688] 276.000000
[3527, 8169] 172.000000
[3527, 10635] 360.000000
[3527, 10417] 348.000000
[3527, 8236] 194.000000
[3527, 6205] 102.000000
[3527, 6686] 90.000000
[3527, 8210] 188.000000
[3527, 8643] 200.000000
[3527, 10955] 622.000000
[3527, 11356] 612.000000
[3527, 12593] 584.000000
[3527, 13107] 584.000000
[3527, 11087] 600.000000
[3527, 15365] 526.000000
[3527, 14140] 410.000000
[3527, 17207] 386.000000
[3527, 15728] 568.000000
[3527, 18089] 746.000000
[3527, 19039] 468.000000
[3527, 24352] 856.000000
[3527, 23742] 838.000000
[3527, 20848] 494.000000
[3527, 23411] 636.000000
[3527, 27316] 894.000000
[3527, 27395] 840.000000
[3527, 25182] 806.000000
[3527, 25498] 862.000000
[3527, 24027] 750.000000
[3527, 23295] 720.000000
[3527, 20079] 546.000000
[3527, 18954] 482.000000
[3527, 28619] 1030.000000
[3527, 32062] 1162.000000
[3527, 30329] 1040.000000
[3527, 32202] 1158.000000
[3527, 32746] 1598.000000
[8210, 8211] 458.000000
[8210, 7823] 376.000000
[8210, 6679] 390.000000
[8210, 4626] 488.000000
[8210, 7671] 454.000000
[8210, 1592] 260.000000
[8210, 1813] 266.000000
[8210, 10688] 144.000000
[8210, 8169] 20.000000
[8210, 10635] 216.000000
[8210, 10417] 204.000000
[8210, 8236] 74.000000
[8210, 6205] 126.000000
[8210, 6686] 122.000000
[8210, 3527] 188.000000
[8210, 8643] 56.000000
[8210, 10955] 478.000000
[8210, 11356] 468.000000
[8210, 12593] 440.000000
[8210, 13107] 440.000000
[8210, 11087] 456.000000
[8210, 15365] 382.000000
[8210, 14140] 266.000000
[8210, 17207] 250.000000
[8210, 15728] 424.000000
[8210, 18089] 626.000000
[8210, 19039] 336.000000
[8210, 24352] 736.000000
[8210, 23742] 718.000000
[8210, 20848] 362.000000
[8210, 23411] 504.000000
[8210, 27316] 762.000000
[8210, 27395] 708.000000
[8210, 25182] 674.000000
[8210, 25498] 730.000000
[8210, 24027] 618.000000
[8210, 23295] 588.000000
[8210, 20079] 414.000000
[8210, 18954] 350.000000
[8210, 28619] 910.000000
[8210, 32062] 1030.000000
[8210, 30329] 908.000000
[8210, 32202] 1026.000000
[8210, 32746] 1478.000000
[8643, 8211] 446.000000
[8643, 7823] 364.000000
[8643, 6679] 402.000000
[8643, 4626] 490.000000
[8643, 7671] 456.000000
[8643, 1592] 272.000000
[8643, 1813] 278.000000
[8643, 10688] 120.000000
[8643, 8169] 44.000000
[8643, 10635] 192.000000
[8643, 10417] 180.000000
[8643, 8236] 66.000000
[8643, 6205] 138.000000
[8643, 6686] 134.000000
[8643, 3527] 200.000000
[8643, 8210] 56.000000
[8643, 10955] 454.000000
[8643, 11356] 444.000000
[8643, 12593] 416.000000
[8643, 13107] 416.000000
[8643, 11087] 432.000000
[8643, 15365] 358.000000
[8643, 14140] 242.000000
[8643, 17207] 226.000000
[8643, 15728] 400.000000
[8643, 18089] 614.000000
[8643, 19039] 312.000000
[8643, 24352] 716.000000
[8643, 23742] 698.000000
[8643, 20848] 338.000000
[8643, 23411] 480.000000
[8643, 27316] 738.000000
[8643, 27395] 684.000000
[8643, 25182] 650.000000
[8643, 25498] 706.000000
[8643, 24027] 594.000000
[8643, 23295] 564.000000
[8643, 20079] 390.000000
[8643, 18954] 326.000000
[8643, 28619] 890.000000
[8643, 32062] 1006.000000
[8643, 30329] 884.000000
[8643, 32202] 1002.000000
[8643, 32746] 1458.000000
[10955, 8211] 736.000000
[10955, 7823] 654.000000
[10955, 6679] 698.000000
[10955, 4626] 780.000000
[10955, 7671] 746.000000
[10955, 1592] 694.000000
[10955, 1813] 700.000000
[10955, 10688] 370.000000
[10955, 8169] 466.000000
[10955, 10635] 386.000000
[10955, 10417] 374.000000
[10955, 8236] 488.000000
[10955, 6205] 560.000000
[10955, 6686] 556.000000
[10955, 3527] 622.000000
[10955, 8210] 478.000000
[10955, 8643] 454.000000
[10955, 11356] 14.000000
[10955, 12593] 46.000000
[10955, 13107] 66.000000
[10955, 11087] 34.000000
[10955, 15365] 108.000000
[10955, 14140] 216.000000
[10955, 17207] 312.000000
[10955, 15728] 94.000000
[10955, 18089] 780.000000
[10955, 19039] 398.000000
[10955, 24352] 802.000000
[10955, 23742] 784.000000
[10955, 20848] 424.000000
[10955, 23411] 566.000000
[10955, 27316] 824.000000
[10955, 27395] 770.000000
[10955, 25182] 736.000000
[10955, 25498] 792.000000
[10955, 24027] 680.000000
[10955, 23295] 650.000000
[10955, 20079] 476.000000
[10955, 18954] 412.000000
[10955, 28619] 976.000000
[10955, 32062] 1092.000000
[10955, 30329] 970.000000
[10955, 32202] 1088.000000
[10955, 32746] 1544.000000
[11356, 8211] 726.000000
[11356, 7823] 644.000000
[11356, 6679] 688.000000
[11356, 4626] 770.000000
[11356, 7671] 736.000000
[11356, 1592] 684.000000
[11356, 1813] 690.000000
[11356, 10688] 360.000000
[11356, 8169] 456.000000
[11356, 10635] 376.000000
[11356, 10417] 364.000000
[11356, 8236] 478.000000
[11356, 6205] 550.000000
[11356, 6686] 546.000000
[11356, 3527] 612.000000
[11356, 8210] 468.000000
[11356, 8643] 444.000000
[11356, 10955] 14.000000
[11356, 12593] 32.000000
[11356, 13107] 52.000000
[11356, 11087] 40.000000
[11356, 15365] 98.000000
[11356, 14140] 206.000000
[11356, 17207] 302.000000
[11356, 15728] 80.000000
[11356, 18089] 770.000000
[11356, 19039] 388.000000
[11356, 24352] 792.000000
[11356, 23742] 774.000000
[11356, 20848] 414.000000
[11356, 23411] 556.000000
[11356, 27316] 814.000000
[11356, 27395] 760.000000
[11356, 25182] 726.000000
[11356, 25498] 782.000000
[11356, 24027] 670.000000
[11356, 23295] 640.000000
[11356, 20079] 466.000000
[11356, 18954] 402.000000
[11356, 28619] 966.000000
[11356, 32062] 1082.000000
[11356, 30329] 960.000000
[11356, 32202] 1078.000000
[11356, 32746] 1534.000000
[12593, 8211] 698.000000
[12593, 7823] 616.000000
[12593, 6679] 660.000000
[12593, 4626] 742.000000
[12593, 7671] 708.000000
[12593, 1592] 656.000000
[12593, 1813] 662.000000
[12593, 10688] 332.000000
[12593, 8169] 428.000000
[12593, 10635] 348.000000
[12593, 10417] 336.000000
[12593, 8236] 450.000000
[12593, 6205] 522.000000
[12593, 6686] 518.000000
[12593, 3527] 584.000000
[12593, 8210] 440.000000
[12593, 8643] 416.000000
[12593, 10955] 46.000000
[12593, 11356] 32.000000
[12593, 13107] 20.000000
[12593, 11087] 72.000000
[12593, 15365] 70.000000
[12593, 14140] 178.000000
[12593, 17207] 274.000000
[12593, 15728] 48.000000
[12593, 18089] 742.000000
[12593, 19039] 360.000000
[12593, 24352] 764.000000
[12593, 23742] 746.000000
[12593, 20848] 386.000000
[12593, 23411] 528.000000
[12593, 27316] 786.000000
[12593, 27395] 732.000000
[12593, 25182] 698.000000
[12593, 25498] 754.000000
[12593, 24027] 642.000000
[12593, 23295] 612.000000
[12593, 20079] 438.000000
[12593, 18954] 374.000000
[12593, 28619] 938.000000
[12593, 32062] 1054.000000
[12593, 30329] 932.000000
[12593, 32202] 1050.000000
[12593, 32746] 1506.000000
[13107, 8211] 698.000000
[13107, 7823] 616.000000
[13107, 6679] 660.000000
[13107, 4626] 742.000000
[13107, 7671] 708.000000
[13107, 1592] 656.000000
[13107, 1813] 662.000000
[13107, 10688] 332.000000
[13107, 8169] 428.000000
[13107, 10635] 348.000000
[13107, 10417] 336.000000
[13107, 8236] 450.000000
[13107, 6205] 522.000000
[13107, 6686] 518.000000
[13107, 3527] 584.000000
[13107, 8210] 440.000000
[13107, 8643] 416.000000
[13107, 10955] 66.000000
[13107, 11356] 52.000000
[13107, 12593] 20.000000
[13107, 11087] 92.000000
[13107, 15365] 70.000000
[13107, 14140] 178.000000
[13107, 17207] 274.000000
[13107, 15728] 36.000000
[13107, 18089] 742.000000
[13107, 19039] 360.000000
[13107, 24352] 764.000000
[13107, 23742] 746.000000
[13107, 20848] 386.000000
[13107, 23411] 528.000000
[13107, 27316] 786.000000
[13107, 27395] 732.000000
[13107, 25182] 698.000000
[13107, 25498] 754.000000
[13107, 24027] 642.000000
[13107, 23295] 612.000000
[13107, 20079] 438.000000
[13107, 18954] 374.000000
[13107, 28619] 938.000000
[13107, 32062] 1054.000000
[13107, 30329] 932.000000
[13107, 32202] 1050.000000
[13107, 32746] 1506.000000
[11087, 8211] 714.000000
[11087, 7823] 632.000000
[11087, 6679] 676.000000
[11087, 4626] 758.000000
[11087, 7671] 724.000000
[11087, 1592] 672.000000
[11087, 1813] 678.000000
[11087, 10688] 348.000000
[11087, 8169] 444.000000
[11087, 10635] 364.000000
[11087, 10417] 352.000000
[11087, 8236] 466.000000
[11087, 6205] 538.000000
[11087, 6686] 534.000000
[11087, 3527] 600.000000
[11087, 8210] 456.000000
[11087, 8643] 432.000000
[11087, 10955] 34.000000
[11087, 11356] 40.000000
[11087, 12593] 72.000000
[11087, 13107] 92.000000
[11087, 15365] 86.000000
[11087, 14140] 194.000000
[11087, 17207] 290.000000
[11087, 15728] 120.000000
[11087, 18089] 758.000000
[11087, 19039] 376.000000
[11087, 24352] 780.000000
[11087, 23742] 762.000000
[11087, 20848] 402.000000
[11087, 23411] 544.000000
[11087, 27316] 802.000000
[11087, 27395] 748.000000
[11087, 25182] 714.000000
[11087, 25498] 770.000000
[11087, 24027] 658.000000
[11087, 23295] 628.000000
[11087, 20079] 454.000000
[11087, 18954] 390.000000
[11087, 28619] 954.000000
[11087, 32062] 1070.000000
[11087, 30329] 948.000000
[11087, 32202] 1066.000000
[11087, 32746] 1522.000000
[15365, 8211] 640.000000
[15365, 7823] 558.000000
[15365, 6679] 602.000000
[15365, 4626] 684.000000
[15365, 7671] 650.000000
[15365, 1592] 598.000000
[15365, 1813] 604.000000
[15365, 10688] 274.000000
[15365, 8169] 370.000000
[15365, 10635] 290.000000
[15365, 10417] 278.000000
[15365, 8236] 392.000000
[15365, 6205] 464.000000
[15365, 6686] 460.000000
[15365, 3527] 526.000000
[15365, 8210] 382.000000
[15365, 8643] 358.000000
[15365, 10955] 108.000000
[15365, 11356] 98.000000
[15365, 12593] 70.000000
[15365, 13107] 70.000000
[15365, 11087] 86.000000
[15365, 14140] 120.000000
[15365, 17207] 208.000000
[15365, 15728] 42.000000
[15365, 18089] 676.000000
[15365, 19039] 294.000000
[15365, 24352] 698.000000
[15365, 23742] 680.000000
[15365, 20848] 320.000000
[15365, 23411] 462.000000
[15365, 27316] 720.000000
[15365, 27395] 666.000000
[15365, 25182] 632.000000
[15365, 25498] 688.000000
[15365, 24027] 576.000000
[15365, 23295] 546.000000
[15365, 20079] 372.000000
[15365, 18954] 308.000000
[15365, 28619] 872.000000
[15365, 32062] 988.000000
[15365, 30329] 866.000000
[15365, 32202] 984.000000
[15365, 32746] 1440.000000
[14140, 8211] 524.000000
[14140, 7823] 442.000000
[14140, 6679] 486.000000
[14140, 4626] 568.000000
[14140, 7671] 534.000000
[14140, 1592] 482.000000
[14140, 1813] 488.000000
[14140, 10688] 158.000000
[14140, 8169] 254.000000
[14140, 10635] 174.000000
[14140, 10417] 162.000000
[14140, 8236] 276.000000
[14140, 6205] 348.000000
[14140, 6686] 344.000000
[14140, 3527] 410.000000
[14140, 8210] 266.000000
[14140, 8643] 242.000000
[14140, 10955] 216.000000
[14140, 11356] 206.000000
[14140, 12593] 178.000000
[14140, 13107] 178.000000
[14140, 11087] 194.000000
[14140, 15365] 120.000000
[14140, 17207] 108.000000
[14140, 15728] 162.000000
[14140, 18089] 572.000000
[14140, 19039] 194.000000
[14140, 24352] 598.000000
[14140, 23742] 580.000000
[14140, 20848] 220.000000
[14140, 23411] 362.000000
[14140, 27316] 620.000000
[14140, 27395] 566.000000
[14140, 25182] 532.000000
[14140, 25498] 588.000000
[14140, 24027] 476.000000
[14140, 23295] 446.000000
[14140, 20079] 272.000000
[14140, 18954] 208.000000
[14140, 28619] 772.000000
[14140, 32062] 888.000000
[14140, 30329] 766.000000
[14140, 32202] 884.000000
[14140, 32746] 1340.000000
[17207, 8211] 500.000000
[17207, 7823] 418.000000
[17207, 6679] 462.000000
[17207, 4626] 544.000000
[17207, 7671] 510.000000
[17207, 1592] 458.000000
[17207, 1813] 464.000000
[17207, 10688] 134.000000
[17207, 8169] 238.000000
[17207, 10635] 174.000000
[17207, 10417] 162.000000
[17207, 8236] 252.000000
[17207, 6205] 324.000000
[17207, 6686] 320.000000
[17207, 3527] 386.000000
[17207, 8210] 250.000000
[17207, 8643] 226.000000
[17207, 10955] 312.000000
[17207, 11356] 302.000000
[17207, 12593] 274.000000
[17207, 13107] 274.000000
[17207, 11087] 290.000000
[17207, 15365] 208.000000
[17207, 14140] 108.000000
[17207, 15728] 250.000000
[17207, 18089] 524.000000
[17207, 19039] 86.000000
[17207, 24352] 538.000000
[17207, 23742] 520.000000
[17207, 20848] 112.000000
[17207, 23411] 254.000000
[17207, 27316] 512.000000
[17207, 27395] 458.000000
[17207, 25182] 424.000000
[17207, 25498] 480.000000
[17207, 24027] 368.000000
[17207, 23295] 338.000000
[17207, 20079] 164.000000
[17207, 18954] 100.000000
[17207, 28619] 712.000000
[17207, 32062] 780.000000
[17207, 30329] 658.000000
[17207, 32202] 776.000000
[17207, 32746] 1280.000000
[15728, 8211] 682.000000
[15728, 7823] 600.000000
[15728, 6679] 644.000000
[15728, 4626] 726.000000
[15728, 7671] 692.000000
[15728, 1592] 640.000000
[15728, 1813] 646.000000
[15728, 10688] 316.000000
[15728, 8169] 412.000000
[15728, 10635] 332.000000
[15728, 10417] 320.000000
[15728, 8236] 434.000000
[15728, 6205] 506.000000
[15728, 6686] 502.000000
[15728, 3527] 568.000000
[15728, 8210] 424.000000
[15728, 8643] 400.000000
[15728, 10955] 94.000000
[15728, 11356] 80.000000
[15728, 12593] 48.000000
[15728, 13107] 36.000000
[15728, 11087] 120.000000
[15728, 15365] 42.000000
[15728, 14140] 162.000000
[15728, 17207] 250.000000
[15728, 18089] 718.000000
[15728, 19039] 336.000000
[15728, 24352] 740.000000
[15728, 23742] 722.000000
[15728, 20848] 362.000000
[15728, 23411] 504.000000
[15728, 27316] 762.000000
[15728, 27395] 708.000000
[15728, 25182] 674.000000
[15728, 25498] 730.000000
[15728, 24027] 618.000000
[15728, 23295] 588.000000
[15728, 20079] 414.000000
[15728, 18954] 350.000000
[15728, 28619] 914.000000
[15728, 32062] 1030.000000
[15728, 30329] 908.000000
[15728, 32202] 1026.000000
[15728, 32746] 1482.000000
[18089, 8211] 576.000000
[18089, 7823] 494.000000
[18089, 6679] 538.000000
[18089, 4626] 620.000000
[18089, 7671] 586.000000
[18089, 1592] 784.000000
[18089, 1813] 746.000000
[18089, 10688] 582.000000
[18089, 8169] 614.000000
[18089, 10635] 634.000000
[18089, 10417] 622.000000
[18089, 8236] 584.000000
[18089, 6205] 684.000000
[18089, 6686] 680.000000
[18089, 3527] 746.000000
[18089, 8210] 626.000000
[18089, 8643] 614.000000
[18089, 10955] 780.000000
[18089, 11356] 770.000000
[18089, 12593] 742.000000
[18089, 13107] 742.000000
[18089, 11087] 758.000000
[18089, 15365] 676.000000
[18089, 14140] 572.000000
[18089, 17207] 524.000000
[18089, 15728] 718.000000
[18089, 19039] 482.000000
[18089, 24352] 218.000000
[18089, 23742] 200.000000
[18089, 20848] 552.000000
[18089, 23411] 710.000000
[18089, 27316] 564.000000
[18089, 27395] 510.000000
[18089, 25182] 476.000000
[18089, 25498] 532.000000
[18089, 24027] 420.000000
[18089, 23295] 390.000000
[18089, 20079] 400.000000
[18089, 18954] 464.000000
[18089, 28619] 364.000000
[18089, 32062] 832.000000
[18089, 30329] 710.000000
[18089, 32202] 828.000000
[18089, 32746] 932.000000
[19039, 8211] 518.000000
[19039, 7823] 436.000000
[19039, 6679] 480.000000
[19039, 4626] 562.000000
[19039, 7671] 528.000000
[19039, 1592] 540.000000
[19039, 1813] 546.000000
[19039, 10688] 208.000000
[19039, 8169] 324.000000
[19039, 10635] 260.000000
[19039, 10417] 248.000000
[19039, 8236] 334.000000
[19039, 6205] 406.000000
[19039, 6686] 402.000000
[19039, 3527] 468.000000
[19039, 8210] 336.000000
[19039, 8643] 312.000000
[19039, 10955] 398.000000
[19039, 11356] 388.000000
[19039, 12593] 360.000000
[19039, 13107] 360.000000
[19039, 11087] 376.000000
[19039, 15365] 294.000000
[19039, 14140] 194.000000
[19039, 17207] 86.000000
[19039, 15728] 336.000000
[19039, 18089] 482.000000
[19039, 24352] 456.000000
[19039, 23742] 438.000000
[19039, 20848] 70.000000
[19039, 23411] 228.000000
[19039, 27316] 430.000000
[19039, 27395] 376.000000
[19039, 25182] 342.000000
[19039, 25498] 398.000000
[19039, 24027] 286.000000
[19039, 23295] 256.000000
[19039, 20079] 82.000000
[19039, 18954] 18.000000
[19039, 28619] 630.000000
[19039, 32062] 698.000000
[19039, 30329] 576.000000
[19039, 32202] 694.000000
[19039, 32746] 1198.000000
[24352, 8211] 726.000000
[24352, 7823] 644.000000
[24352, 6679] 688.000000
[24352, 4626] 770.000000
[24352, 7671] 736.000000
[24352, 1592] 928.000000
[24352, 1813] 896.000000
[24352, 10688] 612.000000
[24352, 8169] 724.000000
[24352, 10635] 664.000000
[24352, 10417] 652.000000
[24352, 8236] 694.000000
[24352, 6205] 794.000000
[24352, 6686] 790.000000
[24352, 3527] 856.000000
[24352, 8210] 736.000000
[24352, 8643] 716.000000
[24352, 10955] 802.000000
[24352, 11356] 792.000000
[24352, 12593] 764.000000
[24352, 13107] 764.000000
[24352, 11087] 780.000000
[24352, 15365] 698.000000
[24352, 14140] 598.000000
[24352, 17207] 538.000000
[24352, 15728] 740.000000
[24352, 18089] 218.000000
[24352, 19039] 456.000000
[24352, 23742] 18.000000
[24352, 20848] 526.000000
[24352, 23411] 684.000000
[24352, 27316] 530.000000
[24352, 27395] 472.000000
[24352, 25182] 450.000000
[24352, 25498] 506.000000
[24352, 24027] 394.000000
[24352, 23295] 364.000000
[24352, 20079] 374.000000
[24352, 18954] 438.000000
[24352, 28619] 174.000000
[24352, 32062] 646.000000
[24352, 30329] 524.000000
[24352, 32202] 642.000000
[24352, 32746] 842.000000
[23742, 8211] 708.000000
[23742, 7823] 626.000000
[23742, 6679] 670.000000
[23742, 4626] 752.000000
[23742, 7671] 718.000000
[23742, 1592] 910.000000
[23742, 1813] 878.000000
[23742, 10688] 594.000000
[23742, 8169] 706.000000
[23742, 10635] 646.000000
[23742, 10417] 634.000000
[23742, 8236] 676.000000
[23742, 6205] 776.000000
[23742, 6686] 772.000000
[23742, 3527] 838.000000
[23742, 8210] 718.000000
[23742, 8643] 698.000000
[23742, 10955] 784.000000
[23742, 11356] 774.000000
[23742, 12593] 746.000000
[23742, 13107] 746.000000
[23742, 11087] 762.000000
[23742, 15365] 680.000000
[23742, 14140] 580.000000
[23742, 17207] 520.000000
[23742, 15728] 722.000000
[23742, 18089] 200.000000
[23742, 19039] 438.000000
[23742, 24352] 18.000000
[23742, 20848] 508.000000
[23742, 23411] 666.000000
[23742, 27316] 520.000000
[23742, 27395] 466.000000
[23742, 25182] 432.000000
[23742, 25498] 488.000000
[23742, 24027] 376.000000
[23742, 23295] 346.000000
[23742, 20079] 356.000000
[23742, 18954] 420.000000
[23742, 28619] 192.000000
[23742, 32062] 664.000000
[23742, 30329] 542.000000
[23742, 32202] 660.000000
[23742, 32746] 860.000000
[20848, 8211] 588.000000
[20848, 7823] 506.000000
[20848, 6679] 550.000000
[20848, 4626] 632.000000
[20848, 7671] 598.000000
[20848, 1592] 566.000000
[20848, 1813] 572.000000
[20848, 10688] 234.000000
[20848, 8169] 350.000000
[20848, 10635] 286.000000
[20848, 10417] 274.000000
[20848, 8236] 360.000000
[20848, 6205] 432.000000
[20848, 6686] 428.000000
[20848, 3527] 494.000000
[20848, 8210] 362.000000
[20848, 8643] 338.000000
[20848, 10955] 424.000000
[20848, 11356] 414.000000
[20848, 12593] 386.000000
[20848, 13107] 386.000000
[20848, 11087] 402.000000
[20848, 15365] 320.000000
[20848, 14140] 220.000000
[20848, 17207] 112.000000
[20848, 15728] 362.000000
[20848, 18089] 552.000000
[20848, 19039] 70.000000
[20848, 24352] 526.000000
[20848, 23742] 508.000000
[20848, 23411] 226.000000
[20848, 27316] 500.000000
[20848, 27395] 446.000000
[20848, 25182] 412.000000
[20848, 25498] 468.000000
[20848, 24027] 356.000000
[20848, 23295] 326.000000
[20848, 20079] 152.000000
[20848, 18954] 88.000000
[20848, 28619] 700.000000
[20848, 32062] 768.000000
[20848, 30329] 646.000000
[20848, 32202] 764.000000
[20848, 32746] 1268.000000
[23411, 8211] 746.000000
[23411, 7823] 664.000000
[23411, 6679] 708.000000
[23411, 4626] 790.000000
[23411, 7671] 756.000000
[23411, 1592] 708.000000
[23411, 1813] 714.000000
[23411, 10688] 384.000000
[23411, 8169] 492.000000
[23411, 10635] 428.000000
[23411, 10417] 416.000000
[23411, 8236] 502.000000
[23411, 6205] 574.000000
[23411, 6686] 570.000000
[23411, 3527] 636.000000
[23411, 8210] 504.000000
[23411, 8643] 480.000000
[23411, 10955] 566.000000
[23411, 11356] 556.000000
[23411, 12593] 528.000000
[23411, 13107] 528.000000
[23411, 11087] 544.000000
[23411, 15365] 462.000000
[23411, 14140] 362.000000
[23411, 17207] 254.000000
[23411, 15728] 504.000000
[23411, 18089] 710.000000
[23411, 19039] 228.000000
[23411, 24352] 684.000000
[23411, 23742] 666.000000
[23411, 20848] 226.000000
[23411, 27316] 658.000000
[23411, 27395] 604.000000
[23411, 25182] 570.000000
[23411, 25498] 626.000000
[23411, 24027] 514.000000
[23411, 23295] 484.000000
[23411, 20079] 310.000000
[23411, 18954] 246.000000
[23411, 28619] 858.000000
[23411, 32062] 926.000000
[23411, 30329] 804.000000
[23411, 32202] 922.000000
[23411, 32746] 1426.000000
[27316, 8211] 892.000000
[27316, 7823] 810.000000
[27316, 6679] 854.000000
[27316, 4626] 936.000000
[27316, 7671] 902.000000
[27316, 1592] 966.000000
[27316, 1813] 972.000000
[27316, 10688] 634.000000
[27316, 8169] 750.000000
[27316, 10635] 686.000000
[27316, 10417] 674.000000
[27316, 8236] 760.000000
[27316, 6205] 832.000000
[27316, 6686] 828.000000
[27316, 3527] 894.000000
[27316, 8210] 762.000000
[27316, 8643] 738.000000
[27316, 10955] 824.000000
[27316, 11356] 814.000000
[27316, 12593] 786.000000
[27316, 13107] 786.000000
[27316, 11087] 802.000000
[27316, 15365] 720.000000
[27316, 14140] 620.000000
[27316, 17207] 512.000000
[27316, 15728] 762.000000
[27316, 18089] 564.000000
[27316, 19039] 430.000000
[27316, 24352] 530.000000
[27316, 23742] 520.000000
[27316, 20848] 500.000000
[27316, 23411] 658.000000
[27316, 27395] 58.000000
[27316, 25182] 88.000000
[27316, 25498] 32.000000
[27316, 24027] 148.000000
[27316, 23295] 174.000000
[27316, 20079] 348.000000
[27316, 18954] 412.000000
[27316, 28619] 428.000000
[27316, 32062] 324.000000
[27316, 30329] 202.000000
[27316, 32202] 320.000000
[27316, 32746] 1280.000000
[27395, 8211] 838.000000
[27395, 7823] 756.000000
[27395, 6679] 800.000000
[27395, 4626] 882.000000
[27395, 7671] 848.000000
[27395, 1592] 912.000000
[27395, 1813] 918.000000
[27395, 10688] 580.000000
[27395, 8169] 696.000000
[27395, 10635] 632.000000
[27395, 10417] 620.000000
[27395, 8236] 706.000000
[27395, 6205] 778.000000
[27395, 6686] 774.000000
[27395, 3527] 840.000000
[27395, 8210] 708.000000
[27395, 8643] 684.000000
[27395, 10955] 770.000000
[27395, 11356] 760.000000
[27395, 12593] 732.000000
[27395, 13107] 732.000000
[27395, 11087] 748.000000
[27395, 15365] 666.000000
[27395, 14140] 566.000000
[27395, 17207] 458.000000
[27395, 15728] 708.000000
[27395, 18089] 510.000000
[27395, 19039] 376.000000
[27395, 24352] 472.000000
[27395, 23742] 466.000000
[27395, 20848] 446.000000
[27395, 23411] 604.000000
[27395, 27316] 58.000000
[27395, 25182] 54.000000
[27395, 25498] 90.000000
[27395, 24027] 94.000000
[27395, 23295] 120.000000
[27395, 20079] 294.000000
[27395, 18954] 358.000000
[27395, 28619] 370.000000
[27395, 32062] 322.000000
[27395, 30329] 200.000000
[27395, 32202] 318.000000
[27395, 32746] 1226.000000
[25182, 8211] 804.000000
[25182, 7823] 722.000000
[25182, 6679] 766.000000
[25182, 4626] 848.000000
[25182, 7671] 814.000000
[25182, 1592] 878.000000
[25182, 1813] 884.000000
[25182, 10688] 546.000000
[25182, 8169] 662.000000
[25182, 10635] 598.000000
[25182, 10417] 586.000000
[25182, 8236] 672.000000
[25182, 6205] 744.000000
[25182, 6686] 740.000000
[25182, 3527] 806.000000
[25182, 8210] 674.000000
[25182, 8643] 650.000000
[25182, 10955] 736.000000
[25182, 11356] 726.000000
[25182, 12593] 698.000000
[25182, 13107] 698.000000
[25182, 11087] 714.000000
[25182, 15365] 632.000000
[25182, 14140] 532.000000
[25182, 17207] 424.000000
[25182, 15728] 674.000000
