[8211, 7823] 102
[8211, 6679] 130
[8211, 4626] 148
[8211, 7671] 114
[8211, 1592] 408
[8211, 1813] 370
[8211, 8169] 454
[8211, 10635] 598
[8211, 8236] 416
[8211, 6205] 468
[8211, 6686] 440
[8211, 8643] 454
[8211, 11087] 770
[8211, 14140] 544
[8211, 15728] 698
[8211, 18089] 620
[8211, 24352] 746
[8211, 23742] 744
[8211, 23411] 746
[8211, 24027] 796
[8211, 23295] 750
[8211, 28619] 904
[8211, 32746] 1472
[7823, 6679] 52
[7823, 4626] 142
[7823, 7671] 108
[7823, 1592] 322
[7823, 1813] 284
[7823, 8169] 392
[7823, 10635] 536
[7823, 8236] 354
[7823, 6205] 382
[7823, 6686] 354
[7823, 8643] 392
[7823, 11087] 708
[7823, 14140] 482
[7823, 15728] 636
[7823, 18089] 578
[7823, 24352] 684
[7823, 23742] 682
[7823, 23411] 684
[7823, 24027] 734
[7823, 23295] 688
[7823, 28619] 858
[7823, 32746] 1426
[6679, 4626] 142
[6679, 7671] 108
[6679, 1592] 338
[6679, 1813] 300
[6679, 8169] 420
[6679, 10635] 564
[6679, 8236] 382
[6679, 6205] 398
[6679, 6686] 370
[6679, 8643] 420
[6679, 11087] 736
[6679, 14140] 510
[6679, 15728] 664
[6679, 18089] 606
[6679, 24352] 712
[6679, 23742] 710
[6679, 23411] 712
[6679, 24027] 762
[6679, 23295] 716
[6679, 28619] 886
[6679, 32746] 1454
[4626, 7671] 106
[4626, 1592] 428
[4626, 1813] 390
[4626, 8169] 498
[4626, 10635] 642
[4626, 8236] 460
[4626, 6205] 488
[4626, 6686] 460
[4626, 8643] 498
[4626, 11087] 814
[4626, 14140] 588
[4626, 15728] 742
[4626, 18089] 664
[4626, 24352] 790
[4626, 23742] 788
[4626, 23411] 790
[4626, 24027] 840
[4626, 23295] 794
[4626, 28619] 948
[4626, 32746] 1516
[7671, 1592] 394
[7671, 1813] 356
[7671, 8169] 464
[7671, 10635] 608
[7671, 8236] 426
[7671, 6205] 454
[7671, 6686] 426
[7671, 8643] 464
[7671, 11087] 780
[7671, 14140] 554
[7671, 15728] 708
[7671, 18089] 630
[7671, 24352] 756
[7671, 23742] 754
[7671, 23411] 756
[7671, 24027] 806
[7671, 23295] 760
[7671, 28619] 914
[7671, 32746] 1482
[1592, 1813] 54
[1592, 8169] 256
[1592, 10635] 472
[1592, 8236] 278
[1592, 6205] 178
[1592, 6686] 166
[1592, 8643] 280
[1592, 11087] 736
[1592, 14140] 510
[1592, 15728] 664
[1592, 18089] 874
[1592, 24352] 968
[1592, 23742] 966
[1592, 23411] 732
[1592, 24027] 882
[1592, 23295] 836
[1592, 28619] 1142
[1592, 32746] 1710
[1813, 8169] 258
[1813, 10635] 474
[1813, 8236] 280
[1813, 6205] 180
[1813, 6686] 152
[1813, 8643] 282
[1813, 11087] 738
[1813, 14140] 512
[1813, 15728] 666
[1813, 18089] 846
[1813, 24352] 952
[1813, 23742] 950
[1813, 23411] 734
[1813, 24027] 884
[1813, 23295] 838
[1813, 28619] 1126
[1813, 32746] 1694
[8169, 10635] 252
[8169, 8236] 70
[8169, 6205] 122
[8169, 6686] 130
[8169, 8643] 60
[8169, 11087] 516
[8169, 14140] 290
[8169, 15728] 444
[8169, 18089] 666
[8169, 24352] 756
[8169, 23742] 754
[8169, 23411] 512
[8169, 24027] 662
[8169, 23295] 616
[8169, 28619] 930
[8169, 32746] 1498
[10635, 8236] 262
[10635, 6205] 338
[10635, 6686] 346
[10635, 8643] 232
[10635, 11087] 444
[10635, 14140] 218
[10635, 15728] 372
[10635, 18089] 690
[10635, 24352] 684
[10635, 23742] 682
[10635, 23411] 440
[10635, 24027] 590
[10635, 23295] 544
[10635, 28619] 858
[10635, 32746] 1426
[8236, 6205] 144
[8236, 6686] 152
[8236, 8643] 70
[8236, 11087] 526
[8236, 14140] 300
[8236, 15728] 454
[8236, 18089] 628
[8236, 24352] 722
[8236, 23742] 720
[8236, 23411] 522
[8236, 24027] 672
[8236, 23295] 626
[8236, 28619] 896
[8236, 32746] 1464
[6205, 6686] 52
[6205, 8643] 146
[6205, 11087] 602
[6205, 14140] 376
[6205, 15728] 530
[6205, 18089] 740
[6205, 24352] 834
[6205, 23742] 832
[6205, 23411] 598
[6205, 24027] 748
[6205, 23295] 702
[6205, 28619] 1008
[6205, 32746] 1576
[6686, 8643] 154
[6686, 11087] 610
[6686, 14140] 384
[6686, 15728] 538
[6686, 18089] 748
[6686, 24352] 842
[6686, 23742] 840
[6686, 23411] 606
[6686, 24027] 756
[6686, 23295] 710
[6686, 28619] 1016
[6686, 32746] 1584
[8643, 11087] 496
[8643, 14140] 270
[8643, 15728] 424
[8643, 18089] 666
[8643, 24352] 736
[8643, 23742] 734
[8643, 23411] 492
[8643, 24027] 642
[8643, 23295] 596
[8643, 28619] 910
[8643, 32746] 1478
[11087, 14140] 238
[11087, 15728] 140
[11087, 18089] 850
[11087, 24352] 844
[11087, 23742] 842
[11087, 23411] 600
[11087, 24027] 750
[11087, 23295] 704
[11087, 28619] 1018
[11087, 32746] 1586
[14140, 15728] 166
[14140, 18089] 624
[14140, 24352] 618
[14140, 23742] 616
[14140, 23411] 374
[14140, 24027] 524
[14140, 23295] 478
[14140, 28619] 792
[14140, 32746] 1360
[15728, 18089] 778
[15728, 24352] 772
[15728, 23742] 770
[15728, 23411] 528
[15728, 24027] 678
[15728, 23295] 632
[15728, 28619] 946
[15728, 32746] 1514
[18089, 24352] 238
[18089, 23742] 236
[18089, 23411] 798
[18089, 24027] 488
[18089, 23295] 442
[18089, 28619] 384
[18089, 32746] 952
[24352, 23742] 18
[24352, 23411] 736
[24352, 24027] 422
[24352, 23295] 376
[24352, 28619] 198
[24352, 32746] 866
[23742, 23411] 734
[23742, 24027] 420
[23742, 23295] 374
[23742, 28619] 200
[23742, 32746] 868
[23411, 24027] 598
[23411, 23295] 552
[23411, 28619] 902
[23411, 32746] 1482
[24027, 23295] 78
[24027, 28619] 480
[24027, 32746] 1168
[23295, 28619] 490
[23295, 32746] 1122
[28619, 32746] 976
[7823, 8211] 102
[6679, 8211] 130
[4626, 8211] 148
[7671, 8211] 114
[1592, 8211] 408
[1813, 8211] 370
[8169, 8211] 454
[10635, 8211] 598
[8236, 8211] 416
[6205, 8211] 468
[6686, 8211] 440
[8643, 8211] 454
[11087, 8211] 770
[14140, 8211] 544
[15728, 8211] 698
[18089, 8211] 620
[24352, 8211] 746
[23742, 8211] 744
[23411, 8211] 746
[24027, 8211] 796
[23295, 8211] 750
[28619, 8211] 904
[32746, 8211] 1472
[6679, 7823] 52
[4626, 7823] 142
[7671, 7823] 108
[1592, 7823] 322
[1813, 7823] 284
[8169, 7823] 392
[10635, 7823] 536
[8236, 7823] 354
[6205, 7823] 382
[6686, 7823] 354
[8643, 7823] 392
[11087, 7823] 708
[14140, 7823] 482
[15728, 7823] 636
[18089, 7823] 578
[24352, 7823] 684
[23742, 7823] 682
[23411, 7823] 684
[24027, 7823] 734
[23295, 7823] 688
[28619, 7823] 858
[32746, 7823] 1426
[4626, 6679] 142
[7671, 6679] 108
[1592, 6679] 338
[1813, 6679] 300
[8169, 6679] 420
[10635, 6679] 564
[8236, 6679] 382
[6205, 6679] 398
[6686, 6679] 370
[8643, 6679] 420
[11087, 6679] 736
[14140, 6679] 510
[15728, 6679] 664
[18089, 6679] 606
[24352, 6679] 712
[23742, 6679] 710
[23411, 6679] 712
[24027, 6679] 762
[23295, 6679] 716
[28619, 6679] 886
[32746, 6679] 1454
[7671, 4626] 106
[1592, 4626] 428
[1813, 4626] 390
[8169, 4626] 498
[10635, 4626] 642
[8236, 4626] 460
[6205, 4626] 488
[6686, 4626] 460
[8643, 4626] 498
[11087, 4626] 814
[14140, 4626] 588
[15728, 4626] 742
[18089, 4626] 664
[24352, 4626] 790
[23742, 4626] 788
[23411, 4626] 790
[24027, 4626] 840
[23295, 4626] 794
[28619, 4626] 948
[32746, 4626] 1516
[1592, 7671] 394
[1813, 7671] 356
[8169, 7671] 464
[10635, 7671] 608
[8236, 7671] 426
[6205, 7671] 454
[6686, 7671] 426
[8643, 7671] 464
[11087, 7671] 780
[14140, 7671] 554
[15728, 7671] 708
[18089, 7671] 630
[24352, 7671] 756
[23742, 7671] 754
[23411, 7671] 756
[24027, 7671] 806
[23295, 7671] 760
[28619, 7671] 914
[32746, 7671] 1482
[1813, 1592] 54
[8169, 1592] 256
[10635, 1592] 472
[8236, 1592] 278
[6205, 1592] 178
[6686, 1592] 166
[8643, 1592] 280
[11087, 1592] 736
[14140, 1592] 510
[15728, 1592] 664
[18089, 1592] 874
[24352, 1592] 968
[23742, 1592] 966
[23411, 1592] 732
[24027, 1592] 882
[23295, 1592] 836
[28619, 1592] 1142
[32746, 1592] 1710
[8169, 1813] 258
[10635, 1813] 474
[8236, 1813] 280
[6205, 1813] 180
[6686, 1813] 152
[8643, 1813] 282
[11087, 1813] 738
[14140, 1813] 512
[15728, 1813] 666
[18089, 1813] 846
[24352, 1813] 952
[23742, 1813] 950
[23411, 1813] 734
[24027, 1813] 884
[23295, 1813] 838
[28619, 1813] 1126
[32746, 1813] 1694
[10635, 8169] 252
[8236, 8169] 70
[6205, 8169] 122
[6686, 8169] 130
[8643, 8169] 60
[11087, 8169] 516
[14140, 8169] 290
[15728, 8169] 444
[18089, 8169] 666
[24352, 8169] 756
[23742, 8169] 754
[23411, 8169] 512
[24027, 8169] 662
[23295, 8169] 616
[28619, 8169] 930
[32746, 8169] 1498
[8236, 10635] 262
[6205, 10635] 338
[6686, 10635] 346
[8643, 10635] 232
[11087, 10635] 444
[14140, 10635] 218
[15728, 10635] 372
[18089, 10635] 690
[24352, 10635] 684
[23742, 10635] 682
[23411, 10635] 440
[24027, 10635] 590
[23295, 10635] 544
[28619, 10635] 858
[32746, 10635] 1426
[6205, 8236] 144
[6686, 8236] 152
[8643, 8236] 70
[11087, 8236] 526
[14140, 8236] 300
[15728, 8236] 454
[18089, 8236] 628
[24352, 8236] 722
[23742, 8236] 720
[23411, 8236] 522
[24027, 8236] 672
[23295, 8236] 626
[28619, 8236] 896
[32746, 8236] 1464
[6686, 6205] 52
[8643, 6205] 146
[11087, 6205] 602
[14140, 6205] 376
[15728, 6205] 530
[18089, 6205] 740
[24352, 6205] 834
[23742, 6205] 832
[23411, 6205] 598
[24027, 6205] 748
[23295, 6205] 702
[28619, 6205] 1008
[32746, 6205] 1576
[8643, 6686] 154
[11087, 6686] 610
[14140, 6686] 384
[15728, 6686] 538
[18089, 6686] 748
[24352, 6686] 842
[23742, 6686] 840
[23411, 6686] 606
[24027, 6686] 756
[23295, 6686] 710
[28619, 6686] 1016
[32746, 6686] 1584
[11087, 8643] 496
[14140, 8643] 270
[15728, 8643] 424
[18089, 8643] 666
[24352, 8643] 736
[23742, 8643] 734
[23411, 8643] 492
[24027, 8643] 642
[23295, 8643] 596
[28619, 8643] 910
[32746, 8643] 1478
[14140, 11087] 238
[15728, 11087] 140
[18089, 11087] 850
[24352, 11087] 844
[23742, 11087] 842
[23411, 11087] 600
[24027, 11087] 750
[23295, 11087] 704
[28619, 11087] 1018
[32746, 11087] 1586
[15728, 14140] 166
[18089, 14140] 624
[24352, 14140] 618
[23742, 14140] 616
[23411, 14140] 374
[24027, 14140] 524
[23295, 14140] 478
[28619, 14140] 792
[32746, 14140] 1360
[18089, 15728] 778
[24352, 15728] 772
[23742, 15728] 770
[23411, 15728] 528
[24027, 15728] 678
[23295, 15728] 632
[28619, 15728] 946
[32746, 15728] 1514
[24352, 18089] 238
[23742, 18089] 236
[23411, 18089] 798
[24027, 18089] 488
[23295, 18089] 442
[28619, 18089] 384
[32746, 18089] 952
[23742, 24352] 18
[23411, 24352] 736
[24027, 24352] 422
[23295, 24352] 376
[28619, 24352] 198
[32746, 24352] 866
[23411, 23742] 734
[24027, 23742] 420
[23295, 23742] 374
[28619, 23742] 200
[32746, 23742] 868
[24027, 23411] 598
[23295, 23411] 552
[28619, 23411] 902
[32746, 23411] 1482
[23295, 24027] 78
[28619, 24027] 480
[32746, 24027] 1168
[28619, 23295] 490
[32746, 23295] 1122
[32746, 28619] 976
